1.492537313432835845e+03
1.490316275764037073e+03
1.485887381658894810e+03
1.481484733025476999e+03
1.477108097257859072e+03
1.472757244490716857e+03
1.468431947559082346e+03
1.464131981958807046e+03
1.459857125807716557e+03
1.455607159807444532e+03
1.451381867205931940e+03
1.447181033760576383e+03
1.443004447702020570e+03
1.438851899698565830e+03
1.434723182821196815e+03
1.430618092509209873e+03
1.426536426536426461e+03
1.422477984977984988e+03
1.418442570177697689e+03
1.414429986715961604e+03
1.410440041378212754e+03
1.406472543123912146e+03
1.402527303056053825e+03
1.398604134391186562e+03
1.394702852429934183e+03
1.390823274528009961e+03
1.386965220067713290e+03
1.383128510429898597e+03
1.379312968966409244e+03
1.375518420972966396e+03
1.371744693662501959e+03
1.367991616138932386e+03
1.364259019371361319e+03
1.360546736168700363e+03
1.356854601154707325e+03
1.353182450743426216e+03
1.349530123115028800e+03
1.345897458192041086e+03
1.342284297615959076e+03
1.338690484724233329e+03
1.335115864527629128e+03
1.331560283687943411e+03
1.328023590496077759e+03
1.324505634850462457e+03
1.321006268235819789e+03
1.317525343702263626e+03
1.314062715844730064e+03
1.310618240782729345e+03
1.307191776140417915e+03
1.303783181026979946e+03
1.300392316017316034e+03
1.297019043133032710e+03
1.293663225823727089e+03
1.290324728948560278e+03
1.287003418758116368e+03
1.283699162876540868e+03
1.280411830283952895e+03
1.277141291299128397e+03
1.273887417562444853e+03
1.270650082019090405e+03
1.267429158902525160e+03
1.264224523718194632e+03
1.261036053227488992e+03
1.257863625431945593e+03
1.254707119557688202e+03
1.251566416040100194e+03
1.248441396508728303e+03
1.245331943772409886e+03
1.242237941804624597e+03
1.239159275729061847e+03
1.236095831805402668e+03
1.233047497415313501e+03
1.230014161048643928e+03
1.226995712289829953e+03
1.223992041804496921e+03
1.221003041326257062e+03
1.218028603643700762e+03
1.215068622587579284e+03
1.212122993018171655e+03
1.209191610812834142e+03
1.206274372853733894e+03
1.203371177015755165e+03
1.200481922154584026e+03
1.197606508094959509e+03
1.194744835619097557e+03
1.191896806455278920e+03
1.189062323266598696e+03
1.186241289639878005e+03
1.183433610074731405e+03
1.180639189972790973e+03
1.177857935627081133e+03
1.175089754211543777e+03
1.172334553770711864e+03
1.169592243209525350e+03
1.166862732283293099e+03
1.164145931587792120e+03
1.161441752549506418e+03
1.158750107416000901e+03
1.156070909246428982e+03
1.153404071902172291e+03
1.150749510037607934e+03
1.148107139091004910e+03
1.145476875275544216e+03
1.142858635570462866e+03
1.140252337712318422e+03
1.137657900186374036e+03
1.135075242218099447e+03
1.132504283764787942e+03
1.129944945507287912e+03
1.127397148841844228e+03
1.124860815872051717e+03
1.122335869400917090e+03
1.119822232923024330e+03
1.117319830616810577e+03
1.114828587336939108e+03
1.112348428606780544e+03
1.109879280610987962e+03
1.107421070188175690e+03
1.104973724823692464e+03
1.102537172642490987e+03
1.100111342402091395e+03
1.097696163485637271e+03
1.095291565895043959e+03
1.092897480244235794e+03
1.090513837752471318e+03
1.088140570237756947e+03
1.085777610110346131e+03
1.083424890366321961e+03
1.081082344581264579e+03
1.078749906903999545e+03
1.076427512050426458e+03
1.074115095297429434e+03
1.071812592476863529e+03
1.069519939969618918e+03
1.067237074699761251e+03
1.064963934128748406e+03
1.062700456249717718e+03
1.060446579581848937e+03
1.058202243164797437e+03
1.055967386553197457e+03
1.053741949811236736e+03
1.051525873507297547e+03
1.049319098708665933e+03
1.047121566976307804e+03
1.044933220359710504e+03
1.042754001391788506e+03
1.040583853083853228e+03
1.038422718920644229e+03
1.036270542855424537e+03
1.034127269305134860e+03
1.031992843145607821e+03
1.029867209706843141e+03
1.027750314768338740e+03
1.025642104554482103e+03
1.023542525729994395e+03
1.021451525395434260e+03
1.019369051082754822e+03
1.017295050750914811e+03
1.015229472781543336e+03
1.013172265974657421e+03
1.011123379544432055e+03
1.009082763115021180e+03
1.007050366716427675e+03
1.005026140780425521e+03
1.003010036136530061e+03
1.001002004008016002e+03
9.990019960079840757e+02
9.970099641354740925e+02
9.950258607716252754e+02
9.930496386758811695e+02
9.910812509822410448e+02
9.891206511955543874e+02
9.871677931878600702e+02
9.852226311947692921e+02
9.832851198118898992e+02
9.813552139912940220e+02
9.794328690380261833e+02
9.775180406066535852e+02
9.756106846978557314e+02
9.737107576550542944e+02
9.718182161610818639e+02
9.699330172348911674e+02
9.680551182282997615e+02
9.661844768227747409e+02
9.643210510262533717e+02
9.624647991700014700e+02
9.606156799055072497e+02
9.587736522014105276e+02
9.569386753404687624e+02
9.551107089165559501e+02
9.532897128316975568e+02
9.514756472931378539e+02
9.496684728104414717e+02
9.478681501926283772e+02
9.460746405453398893e+02
9.442879052680386849e+02
9.425079060512383649e+02
9.407346048737663295e+02
9.389679640000563268e+02
9.372079459774718089e+02
9.354545136336589621e+02
9.337076300739295220e+02
9.319672586786737156e+02
9.302333631008009434e+02
9.285059072632094512e+02
9.267848553562839697e+02
9.250701718354213199e+02
9.233618214185838724e+02
9.216597690838787003e+02
9.199639800671650391e+02
9.182744198596869865e+02
9.165910542057331440e+02
9.149138491003207037e+02
9.132427707869067035e+02
9.115777857551220222e+02
9.099188607385328851e+02
9.082659627124237431e+02
9.066190588916069828e+02
9.049781167282543493e+02
9.033431039097538360e+02
9.017139883565876062e+02
9.000907382202346980e+02
8.984733218810947619e+02
8.968617079464360131e+02
8.952558652483634205e+02
8.936557628418094055e+02
8.920613700025464823e+02
8.904726562252205895e+02
8.888895912214054533e+02
8.873121449176776423e+02
8.857402874537124262e+02
8.841739891803996443e+02
8.826132206579792410e+02
8.810579526541969244e+02
8.795081561424788106e+02
8.779638023001264173e+02
8.764248625065290526e+02
8.748913083413958702e+02
8.733631115830069120e+02
8.718402442064809748e+02
8.703226783820632591e+02
8.688103864734299577e+02
8.673033410360101243e+02
8.658015148153256177e+02
8.643048807453490099e+02
8.628134119468763856e+02
8.613270817259185606e+02
8.598458635721087830e+02
8.583697311571265800e+02
8.568986583331375186e+02
8.554326191312493393e+02
8.539715877599836631e+02
8.525155386037640710e+02
8.510644462214187342e+02
8.496182853446981653e+02
8.481770308768093400e+02
8.467406578909633481e+02
8.453091416289385052e+02
8.438824574996581305e+02
8.424605810777817396e+02
8.410434881023115850e+02
8.396311544752129521e+02
8.382235562600474168e+02
8.368206696806216769e+02
8.354224711196475255e+02
8.340289371174178541e+02
8.326400443704936833e+02
8.312557697304050635e+02
8.298760902023658446e+02
8.285009829439995883e+02
8.271304252640796904e+02
8.257643946212804167e+02
8.244028686229414689e+02
8.230458250238445999e+02
8.216932417250021672e+02
8.203450967724568272e+02
8.190013683560945310e+02
8.176620348084677516e+02
8.163270746036315586e+02
8.149964663559894689e+02
8.136701888191520311e+02
8.123482208848062101e+02
8.110305415815951164e+02
8.097171300740088782e+02
8.084079656612868803e+02
8.071030277763301228e+02
8.058022959846241520e+02
8.045057499831721088e+02
8.032133695994384652e+02
8.019251347903032183e+02
8.006410256410256352e+02
7.993610223642172059e+02
7.980851052988265337e+02
7.968132549091315013e+02
7.955454517837432604e+02
7.942816766346177246e+02
7.930219102960783175e+02
7.917661337238459964e+02
7.905143279940807588e+02
7.892664743024304244e+02
7.880225539630889671e+02
7.867825484078641693e+02
7.855464391852531207e+02
7.843142079595281757e+02
7.830858365098288232e+02
7.818613067292644701e+02
7.806406006240249553e+02
7.794237003124984540e+02
7.782105880243989304e+02
7.770012460999005270e+02
7.757956569887812748e+02
7.745938032495739662e+02
7.733956675487245320e+02
7.722012326597591709e+02
7.710104814624587561e+02
7.698233969420409721e+02
7.686399621883492728e+02
7.674601603950505933e+02
7.662839748588393149e+02
7.651113889786494155e+02
7.639423862548730995e+02
7.627769502885869315e+02
7.616150647807847918e+02
7.604567135316187887e+02
7.593018804396456289e+02
7.581505495010806044e+02
7.570027048090587414e+02
7.558583305529020890e+02
7.547174110173932604e+02
7.535799305820567042e+02
7.524458737204456611e+02
7.513152249994354861e+02
7.501879690785237926e+02
7.490640907091365079e+02
7.479435747339401814e+02
7.468264060861611142e+02
7.457125697889093772e+02
7.446020509545099912e+02
7.434948347838392237e+02
7.423909065656675921e+02
7.412902516760083245e+02
7.401928555774709366e+02
7.390987038186219706e+02
7.380077820333503951e+02
7.369200759402383483e+02
7.358355713419389303e+02
7.347542541245572920e+02
7.336761102570396815e+02
7.326011257905652201e+02
7.315292868579451806e+02
7.304605796730268139e+02
7.293949905301014951e+02
7.283325058033194637e+02
7.272731119461088838e+02
7.262167954905999068e+02
7.251635430470541905e+02
7.241133413032991939e+02
7.230661770241670183e+02
7.220220370509388204e+02
7.209809083007930894e+02
7.199427777662596100e+02
7.189076325146779709e+02
7.178754596876597134e+02
7.168462465005570721e+02
7.158199802419337630e+02
7.147966482730431608e+02
7.137762380273079543e+02
7.127587370098069641e+02
7.117441327967643474e+02
7.107324130350446012e+02
7.097235654416506350e+02
7.087175778032267317e+02
7.077144379755660566e+02
7.067141338831219173e+02
7.057166535185228895e+02
7.047219849420926039e+02
7.037301162813731708e+02
7.027410357306530386e+02
7.017547315504987182e+02
7.007711920672898032e+02
6.997904056727586521e+02
6.988123608235339361e+02
6.978370460406878237e+02
6.968644499092862361e+02
6.958945610779439903e+02
6.949273682583834670e+02
6.939628602249961205e+02
6.930010258144083082e+02
6.920418539250506456e+02
6.910853335167312252e+02
6.901314536102114516e+02
6.891802032867863090e+02
6.882315716878678131e+02
6.872855480145714182e+02
6.863421215273067446e+02
6.854012815453708072e+02
6.844630174465453365e+02
6.835273186666966012e+02
6.825941746993789820e+02
6.816635750954421837e+02
6.807355094626407208e+02
6.798099674652469275e+02
6.788869388236682880e+02
6.779664133140653348e+02
6.770483807679754591e+02
6.761328310719379715e+02
6.752197541671225736e+02
6.743091400489613534e+02
6.734009787667828277e+02
6.724952604234504179e+02
6.715919751750018349e+02
6.706911132302931264e+02
6.697926648506447691e+02
6.688966203494906040e+02
6.680029700920299547e+02
6.671117044948820194e+02
6.662228140257434461e+02
6.653362892030484090e+02
6.644521205956316408e+02
6.635702988223938519e+02
6.626908145519701065e+02
6.618136585024002443e+02
6.609388214408029398e+02
6.600662941830514683e+02
6.591960675934519713e+02
6.583281325844254752e+02
6.574624801161905907e+02
6.565991011964503059e+02
6.557379868800803706e+02
6.548791282688204092e+02
6.540225165109673071e+02
6.531681428010716672e+02
6.523159983796351753e+02
6.514660745328119447e+02
6.506183625921109979e+02
6.497728539341022724e+02
6.489295399801235362e+02
6.480884121959907134e+02
6.472494620917091197e+02
6.464126812211893593e+02
6.455780611819620844e+02
6.447455936148985529e+02
6.439152702039300493e+02
6.430870826757716259e+02
6.422610227996475487e+02
6.414370823870181084e+02
6.406152532913096138e+02
6.397955274076450678e+02
6.389778966725787086e+02
6.381623530638310058e+02
6.373488886000260436e+02
6.365374953404320877e+02
6.357281653847023790e+02
6.349208908726191112e+02
6.341156639838386582e+02
6.333124769376393033e+02
6.325113219926706734e+02
6.317121914467047645e+02
6.309150776363891282e+02
6.301199729370023306e+02
6.293268697622102081e+02
6.285357605638253062e+02
6.277466378315668862e+02
6.269594940928229789e+02
6.261743219124155075e+02
6.253911138923654107e+02
6.246098626716604940e+02
6.238305609260245319e+02
6.230532013676890983e+02
6.222777767451659656e+02
6.215042798430208677e+02
6.207327034816514697e+02
6.199630405170637459e+02
6.191952838406516548e+02
6.184294263789790875e+02
6.176654610935615892e+02
6.169033809806519457e+02
6.161431790710247469e+02
6.153848484297650430e+02
6.146283821560573415e+02
6.138737733829758554e+02
6.131210152772765696e+02
6.123701010391916952e+02
6.116210239022244650e+02
6.108737771329458610e+02
6.101283540307931617e+02
6.093847479278690571e+02
6.086429521887437204e+02
6.079029602102568788e+02
6.071647654213214764e+02
6.064283612827301795e+02
6.056937412869615400e+02
6.049608989579887748e+02
6.042298278510886576e+02
6.035005215526534812e+02
6.027729736800034743e+02
6.020471778811997865e+02
6.013231278348606565e+02
6.006008172499768989e+02
5.998802398657304593e+02
5.991613894513131982e+02
5.984442598057473788e+02
5.977288447577072930e+02
5.970151381653422504e+02
5.963031339161007054e+02
5.955928259265565430e+02
5.948842081422342289e+02
5.941772745374385067e+02
5.934720191150821620e+02
5.927684359065176523e+02
5.920665189713677137e+02
5.913662623973589234e+02
5.906676603001553758e+02
5.899707068231939502e+02
5.892753961375202607e+02
5.885817224416268800e+02
5.878896799612912218e+02
5.871992629494160383e+02
5.865104656858698036e+02
5.858232824773290304e+02
5.851377076571209273e+02
5.844537355850684435e+02
5.837713606473353138e+02
5.830905772562715583e+02
5.824113798502622785e+02
5.817337628935755447e+02
5.810577208762121018e+02
5.803832483137559848e+02
5.797103397472261577e+02
5.790389897429295161e+02
5.783691928923142314e+02
5.777009438118250273e+02
5.770342371427582293e+02
5.763690675511190875e+02
5.757054297274795545e+02
5.750433183868365177e+02
5.743827282684719648e+02
5.737236541358134900e+02
5.730660907762960505e+02
5.724100330012240647e+02
5.717554756456358973e+02
5.711024135681669804e+02
5.704508416509165727e+02
5.698007547993133812e+02
5.691521479419822072e+02
5.685050160306133193e+02
5.678593540398308050e+02
5.672151569670622848e+02
5.665724198324101053e+02
5.659311376785229868e+02
5.652913055704681256e+02
5.646529185956052288e+02
5.640159718634604360e+02
5.633804605056013770e+02
5.627463796755134808e+02
5.621137245484763980e+02
5.614824903214416736e+02
5.608526722129113296e+02
5.602242654628173568e+02
5.595972653324014345e+02
5.589716671040955589e+02
5.583474660814046047e+02
5.577246575887879771e+02
5.571032369715433106e+02
5.564831995956902801e+02
5.558645408478555510e+02
5.552472561351585227e+02
5.546313408850969608e+02
5.540167905454350148e+02
5.534036005840904409e+02
5.527917664890235301e+02
5.521812837681264909e+02
5.515721479491129458e+02
5.509643545794092461e+02
5.503578992260459017e+02
5.497527774755496921e+02
5.491489849338368003e+02
5.485465172261059479e+02
5.479453699967333478e+02
5.473455389091675443e+02
5.467470196458250484e+02
5.461498079079867694e+02
5.455538994156947865e+02
5.449592899076509411e+02
5.443659751411144043e+02
5.437739508918011779e+02
5.431832129537837091e+02
5.425937571393915277e+02
5.420055792791119984e+02
5.414186752214920944e+02
5.408330408330407408e+02
5.402486719981320675e+02
5.396655646189080926e+02
5.390837146151843626e+02
5.385031179243533188e+02
5.379237705012906190e+02
5.373456683182610050e+02
5.367688073648253066e+02
5.361931836477466504e+02
5.356187931908995097e+02
5.350456320351772774e+02
5.344736962384021126e+02
5.339029818752337633e+02
5.333334850370802087e+02
5.327652018320084153e+02
5.321981283846554334e+02
5.316322608361408584e+02
5.310675953439783825e+02
5.305041280819898475e+02
5.299418552402178193e+02
5.293807730248408916e+02
5.288208776580869426e+02
5.282621653781496889e+02
5.277046324391036478e+02
5.271482751108205775e+02
5.265930896788863720e+02
5.260390724445182968e+02
5.254862197244829076e+02
5.249345278510145363e+02
5.243839931717340050e+02
5.238346120495680225e+02
5.232863808626694890e+02
5.227392960043371204e+02
5.221933538829371173e+02
5.216485509218240395e+02
5.211048835592631576e+02
5.205623482483524640e+02
5.200209414569455930e+02
5.194806596675755372e+02
5.189414993773779088e+02
5.184034570980156786e+02
5.178665293556034612e+02
5.173307126906336180e+02
5.167960036579008829e+02
5.162623988264292620e+02
5.157298947793984780e+02
5.151984881140708694e+02
5.146681754417193133e+02
5.141389533875544657e+02
5.136108185906539347e+02
5.130837677038908851e+02
5.125577973938629839e+02
5.120329043408225971e+02
5.115090852386065876e+02
5.109863367945673644e+02
5.104646557295032494e+02
5.099440387775905492e+02
5.094244826863149456e+02
5.089059842164039082e+02
5.083885401417595062e+02
5.078721472493912756e+02
5.073568023393498834e+02
5.068425022246609615e+02
5.063292437312593961e+02
5.058170236979241281e+02
5.053058389762130673e+02
5.047956864303988596e+02
5.042865629374043692e+02
5.037784653867394127e+02
5.032713906804370936e+02
5.027653357329909340e+02
5.022602974712922332e+02
5.017562728345678806e+02
5.012532587743189083e+02
5.007512522542582474e+02
5.002502502502502466e+02
4.997502497502497363e+02
4.992512477542418310e+02
4.987532412741815051e+02
4.982562273339344756e+02
4.977602029692176302e+02
4.972651652275401943e+02
4.967711111681450120e+02
4.962780378619504518e+02
4.957859423914924264e+02
4.952948218508669811e+02
4.948046733456728816e+02
4.943154939929549982e+02
4.938272809211475760e+02
4.933400312700183576e+02
4.928537421906121949e+02
4.923684108451960810e+02
4.918840344072035009e+02
4.914006100611799752e+02
4.909181350027281496e+02
4.904366064384537367e+02
4.899560215859115715e+02
4.894763776735520651e+02
4.889976719406679422e+02
4.885199016373411496e+02
4.880430640243902189e+02
4.875671563733181415e+02
4.870921759662599015e+02
4.866181200959312605e+02
4.861449860655768589e+02
4.856727711889193984e+02
4.852014727901085394e+02
4.847310882036706516e+02
4.842616147744583941e+02
4.837930498576005220e+02
4.833253908184527745e+02
4.828586350325481362e+02
4.823927798855474975e+02
4.819278227731915649e+02
4.814637611012515208e+02
4.810005922854816163e+02
4.805383137515702288e+02
4.800769229350930800e+02
4.796164172814651465e+02
4.791567942458939910e+02
4.786980512933325826e+02
4.782401858984328555e+02
4.777831955454992112e+02
4.773270777284425321e+02
4.768718299507345932e+02
4.764174497253620189e+02
4.759639345747814332e+02
4.755112820308740993e+02
4.750594896349015244e+02
4.746085549374607240e+02
4.741584754984397136e+02
4.737092488869739668e+02
4.732608726814024749e+02
4.728133444692239777e+02
4.723666618470540470e+02
4.719208224205818851e+02
4.714758238045276357e+02
4.710316636225995808e+02
4.705883395074523605e+02
4.701458491006443410e+02
4.697041900525962319e+02
4.692633600225493069e+02
4.688233566785238509e+02
4.683841776972785738e+02
4.679458207642691718e+02
4.675082835736079687e+02
4.670715638280234430e+02
4.666356592388199260e+02
4.662005675258377551e+02
4.657662864174133688e+02
4.653328136503399719e+02
4.649001469698279152e+02
4.644682841294660420e+02
4.640372228911822958e+02
4.636069610252054645e+02
4.631774963100264131e+02
4.627488265323602832e+02
4.623209494871080096e+02
4.618938629773187472e+02
4.614675648141522970e+02
4.610420528168415331e+02
4.606173248126554540e+02
4.601933786368618939e+02
4.597702121326911424e+02
4.593478231512990533e+02
4.589262095517308353e+02
4.585053692008846156e+02
4.580852999734759123e+02
4.576659997520015963e+02
4.572474664267041362e+02
4.568296978955364693e+02
4.564126920641268725e+02
4.559964468457438329e+02
4.555809601612611459e+02
4.551662299391233546e+02
4.547522541153114162e+02
4.543390306333085391e+02
4.539265574440659066e+02
4.535148325059687409e+02
4.531038537848030501e+02
4.526936192537215788e+02
4.522841268932110097e+02
4.518753746910584823e+02
4.514673606423187948e+02
4.510600827492813778e+02
4.506535390214380641e+02
4.502477274754502901e+02
4.498426461351171497e+02
4.494382930313431643e+02
4.490346662021063366e+02
4.486317636924266026e+02
4.482295835543339990e+02
4.478281238468375705e+02
4.474273826358938209e+02
4.470273579943759046e+02
4.466280480020426467e+02
4.462294507455078474e+02
4.458315643182096437e+02
4.454343868203802117e+02
4.450379163590154690e+02
4.446421510478450045e+02
4.442470890073021792e+02
4.438527283644942827e+02
4.434590672531732594e+02
4.430661038137057517e+02
4.426738361930442238e+02
4.422822625446976872e+02
4.418913810287028241e+02
4.415011898115949407e+02
4.411116870663796590e+02
4.407228709725038698e+02
4.403347397158280501e+02
4.399472914885974433e+02
4.395605244894142061e+02
4.391744369232098393e+02
4.387890270012168230e+02
4.384042929409412750e+02
4.380202329661356089e+02
4.376368453067709652e+02
4.372541281990100970e+02
4.368720798851803693e+02
4.364906986137467015e+02
4.361099826392851355e+02
4.357299302224557778e+02
4.353505396299766517e+02
4.349718091345972084e+02
4.345937370150719516e+02
4.342163215561347442e+02
4.338395610484726035e+02
4.334634537886998942e+02
4.330879980793325785e+02
4.327131922287630914e+02
4.323390345512347039e+02
4.319655233668157734e+02
4.315926570013754144e+02
4.312204337865579760e+02
4.308488520597582578e+02
4.304779101640967838e+02
4.301076064483952450e+02
4.297379392671518303e+02
4.293689069805170675e+02
4.290005079542693807e+02
4.286327405597910456e+02
4.282656031740442018e+02
4.278990941795469780e+02
4.275332119643496753e+02
4.271679549220112904e+02
4.268033214515757550e+02
4.264393099575488009e+02
4.260759188498745971e+02
4.257131465439124440e+02
4.253509914604139794e+02
4.249894520255000998e+02
4.246285266706382799e+02
4.242682138326198356e+02
4.239085119535371859e+02
4.235494194807617987e+02
4.231909348669213955e+02
4.228330565698781243e+02
4.224757830527061060e+02
4.221191127836697206e+02
4.217630442362015515e+02
4.214075758888805581e+02
4.210527062254105317e+02
4.206984337345985523e+02
4.203447569103335013e+02
4.199916742515646320e+02
4.196391842622803097e+02
4.192872854514871506e+02
4.189359763331887052e+02
4.185852554263647676e+02
4.182351212549502861e+02
4.178855723478149002e+02
4.175366072387423628e+02
4.171882244664097925e+02
4.168404225743674942e+02
4.164932001110186093e+02
4.161465556295987653e+02
4.158004876881562382e+02
4.154549948495317722e+02
4.151100756813388557e+02
4.147657287559436554e+02
4.144219526504456326e+02
4.140787459466577047e+02
4.137361072310869758e+02
4.133940350949148979e+02
4.130525281339785124e+02
4.127115849487508967e+02
4.123712041443221210e+02
4.120313843303802059e+02
4.116921241211923643e+02
4.113534221355859017e+02
4.110152769969294582e+02
4.106776873331147613e+02
4.103406517765375838e+02
4.100041689640796676e+02
4.096682375370900218e+02
4.093328561413667330e+02
4.089980234271391168e+02
4.086637380490490159e+02
4.083299986661331218e+02
4.079968039418051262e+02
4.076641525438376448e+02
4.073320431443445386e+02
4.070004744197634636e+02
4.066694450508377940e+02
4.063389537225997401e+02
4.060089991243524992e+02
4.056795799496529185e+02
4.053506948962946126e+02
4.050223426662904558e+02
4.046945219658556425e+02
4.043672315053906914e+02
4.040404699994645625e+02
4.037142361667977184e+02
4.033885287302455254e+02
4.030633464167814282e+02
4.027386879574806926e+02
4.024145520875032389e+02
4.020909375460779529e+02
4.017678430764860309e+02
4.014452674260444383e+02
4.011232093460903343e+02
4.008016675919643035e+02
4.004806409229947803e+02
4.001601281024819627e+02
4.000000000000000000e+02
