4.003899999999999864e+02
4.010000000000000000e+02
4.022205000000000155e+02
4.034415000000000191e+02
4.046620000000000346e+02
4.058824999999999932e+02
4.071034999999999968e+02
4.083240000000000123e+02
4.095444999999999709e+02
4.107654999999999745e+02
4.119864999999999782e+02
4.132069999999999936e+02
4.144275000000000091e+02
4.156485000000000127e+02
4.168690000000000282e+02
4.180894999999999868e+02
4.193104999999999905e+02
4.205310000000000059e+02
4.217515000000000214e+02
4.229725000000000250e+02
4.241934999999999718e+02
4.254139999999999873e+02
4.266345000000000027e+02
4.278555000000000064e+02
4.290760000000000218e+02
4.302964999999999804e+02
4.315174999999999841e+02
4.327379999999999995e+02
4.339585000000000150e+02
4.351795000000000186e+02
4.364005000000000223e+02
4.376209999999999809e+02
4.388414999999999964e+02
4.400625000000000000e+02
4.412830000000000155e+02
4.425034999999999741e+02
4.437244999999999777e+02
4.449449999999999932e+02
4.461655000000000086e+02
4.473865000000000123e+02
4.486075000000000159e+02
4.498279999999999745e+02
4.510484999999999900e+02
4.522694999999999936e+02
4.534900000000000091e+02
4.547105000000000246e+02
4.559315000000000282e+02
4.571519999999999868e+02
4.583725000000000023e+02
4.595935000000000059e+02
4.608145000000000095e+02
4.620349999999999682e+02
4.632554999999999836e+02
4.644764999999999873e+02
4.656970000000000027e+02
4.669175000000000182e+02
4.681385000000000218e+02
4.693590000000000373e+02
4.705794999999999959e+02
4.718004999999999995e+02
4.730215000000000032e+02
4.742419999999999618e+02
4.754624999999999773e+02
4.766834999999999809e+02
4.779039999999999964e+02
4.791245000000000118e+02
4.803455000000000155e+02
4.815660000000000309e+02
4.827864999999999895e+02
4.840074999999999932e+02
4.852284999999999968e+02
4.864490000000000123e+02
4.876694999999999709e+02
4.888904999999999745e+02
4.901109999999999900e+02
4.913315000000000055e+02
4.925525000000000091e+02
4.937730000000000246e+02
4.949934999999999832e+02
4.962144999999999868e+02
4.974354999999999905e+02
4.986560000000000059e+02
4.998765000000000214e+02
5.010975000000000250e+02
5.023179999999999836e+02
5.035384999999999991e+02
5.047595000000000027e+02
5.059800000000000182e+02
5.072004999999999768e+02
5.084214999999999804e+02
5.096424999999999841e+02
5.108629999999999995e+02
5.120834999999999582e+02
5.133044999999999618e+02
5.145249999999999773e+02
5.157454999999999927e+02
5.169664999999999964e+02
5.181870000000000118e+02
5.194075000000000273e+02
5.206285000000000309e+02
5.218495000000000346e+02
5.230699999999999363e+02
5.242904999999999518e+02
5.255114999999999554e+02
5.267319999999999709e+02
5.279524999999999864e+02
5.291734999999999900e+02
5.303940000000000055e+02
5.316145000000000209e+02
5.328355000000000246e+02
5.340565000000000282e+02
5.352770000000000437e+02
5.364974999999999454e+02
5.377184999999999491e+02
5.389389999999999645e+02
5.401594999999999800e+02
5.413804999999999836e+02
5.426009999999999991e+02
5.438215000000000146e+02
5.450425000000000182e+02
5.462635000000000218e+02
5.474840000000000373e+02
5.487045000000000528e+02
5.499255000000000564e+02
5.511459999999999582e+02
5.523664999999999736e+02
5.535874999999999773e+02
5.548079999999999927e+02
5.560285000000000082e+02
5.572495000000000118e+02
5.584705000000000155e+02
5.596910000000000309e+02
5.609115000000000464e+02
5.621325000000000500e+02
5.633530000000000655e+02
5.645734999999999673e+02
5.657944999999999709e+02
5.670149999999999864e+02
5.682355000000000018e+02
5.694565000000000055e+02
5.706775000000000091e+02
5.718980000000000246e+02
5.731185000000000400e+02
5.743395000000000437e+02
5.755599999999999454e+02
5.767804999999999609e+02
5.780014999999999645e+02
5.792219999999999800e+02
5.804424999999999955e+02
5.816634999999999991e+02
5.828845000000000027e+02
5.841050000000000182e+02
5.853255000000000337e+02
5.865465000000000373e+02
5.877670000000000528e+02
5.889874999999999545e+02
5.902084999999999582e+02
5.914289999999999736e+02
5.926494999999999891e+02
5.938704999999999927e+02
5.950914999999999964e+02
5.963120000000000118e+02
5.975325000000000273e+02
5.987535000000000309e+02
5.999739999999999327e+02
6.011944999999999482e+02
6.024154999999999518e+02
6.036359999999999673e+02
6.048564999999999827e+02
6.060774999999999864e+02
6.072984999999999900e+02
6.085190000000000055e+02
6.097395000000000209e+02
6.109605000000000246e+02
6.121810000000000400e+02
6.134014999999999418e+02
6.146224999999999454e+02
6.158429999999999609e+02
6.170634999999999764e+02
6.182844999999999800e+02
6.195054999999999836e+02
6.207259999999999991e+02
6.219465000000000146e+02
6.231675000000000182e+02
6.243880000000000337e+02
6.256085000000000491e+02
6.268295000000000528e+02
6.280499999999999545e+02
6.292704999999999700e+02
6.304914999999999736e+02
6.317124999999999773e+02
6.329329999999999927e+02
6.341535000000000082e+02
6.353745000000000118e+02
6.365950000000000273e+02
6.378155000000000427e+02
6.390365000000000464e+02
6.402570000000000618e+02
6.414774999999999636e+02
6.426984999999999673e+02
6.439194999999999709e+02
6.451399999999999864e+02
6.463605000000000018e+02
6.475815000000000055e+02
6.488020000000000209e+02
6.500225000000000364e+02
6.512435000000000400e+02
6.524639999999999418e+02
6.536844999999999573e+02
6.549054999999999609e+02
6.561264999999999645e+02
6.573469999999999800e+02
6.585674999999999955e+02
6.597884999999999991e+02
6.610090000000000146e+02
6.622295000000000300e+02
6.634505000000000337e+02
6.646710000000000491e+02
6.658914999999999509e+02
6.671124999999999545e+02
6.683334999999999582e+02
6.695539999999999736e+02
6.707744999999999891e+02
6.719954999999999927e+02
6.732160000000000082e+02
6.744365000000000236e+02
6.756575000000000273e+02
6.768780000000000427e+02
6.780985000000000582e+02
6.793194999999999482e+02
6.805404999999999518e+02
6.817609999999999673e+02
6.829814999999999827e+02
6.842024999999999864e+02
6.854230000000000018e+02
6.866435000000000173e+02
6.878645000000000209e+02
6.890850000000000364e+02
6.903055000000000518e+02
6.915264999999999418e+02
6.927474999999999454e+02
6.939679999999999609e+02
6.951884999999999764e+02
6.964094999999999800e+02
6.976299999999999955e+02
6.988505000000000109e+02
7.000715000000000146e+02
7.012920000000000300e+02
7.025125000000000455e+02
7.037335000000000491e+02
7.049545000000000528e+02
7.061749999999999545e+02
7.073954999999999700e+02
7.086164999999999736e+02
7.098369999999999891e+02
7.110575000000000045e+02
7.122785000000000082e+02
7.134990000000000236e+02
7.147195000000000391e+02
7.159405000000000427e+02
7.171615000000000464e+02
7.183820000000000618e+02
7.196024999999999636e+02
7.208234999999999673e+02
7.220439999999999827e+02
7.232644999999999982e+02
7.244855000000000018e+02
7.257060000000000173e+02
7.269265000000000327e+02
7.281475000000000364e+02
7.293685000000000400e+02
7.305889999999999418e+02
7.318094999999999573e+02
7.330304999999999609e+02
7.342509999999999764e+02
7.354714999999999918e+02
7.366924999999999955e+02
7.379130000000000109e+02
7.391335000000000264e+02
7.403545000000000300e+02
7.415755000000000337e+02
7.427960000000000491e+02
7.440164999999999509e+02
7.452374999999999545e+02
7.464579999999999700e+02
7.476784999999999854e+02
7.488994999999999891e+02
7.501200000000000045e+02
7.513405000000000200e+02
7.525615000000000236e+02
7.537825000000000273e+02
7.550030000000000427e+02
7.562235000000000582e+02
7.574444999999999482e+02
7.586649999999999636e+02
7.598854999999999791e+02
7.611064999999999827e+02
7.623269999999999982e+02
7.635475000000000136e+02
7.647685000000000173e+02
7.659895000000000209e+02
7.672100000000000364e+02
7.684305000000000518e+02
7.696514999999999418e+02
7.708719999999999573e+02
7.720924999999999727e+02
7.733134999999999764e+02
7.745339999999999918e+02
7.757545000000000073e+02
7.769755000000000109e+02
7.781965000000000146e+02
7.794170000000000300e+02
7.806375000000000455e+02
7.818585000000000491e+02
7.830789999999999509e+02
7.842994999999999663e+02
7.855204999999999700e+02
7.867409999999999854e+02
7.879615000000000009e+02
7.891825000000000045e+02
7.904035000000000082e+02
7.916240000000000236e+02
7.928445000000000391e+02
7.940655000000000427e+02
7.952860000000000582e+02
7.965064999999999600e+02
7.977274999999999636e+02
7.989479999999999791e+02
8.001684999999999945e+02
8.013894999999999982e+02
8.026105000000000018e+02
8.038310000000000173e+02
8.050515000000000327e+02
8.062725000000000364e+02
8.074929999999999382e+02
8.087134999999999536e+02
8.099344999999999573e+02
8.111549999999999727e+02
8.123754999999999882e+02
8.135964999999999918e+02
8.148174999999999955e+02
8.160380000000000109e+02
8.172585000000000264e+02
8.184795000000000300e+02
8.197000000000000455e+02
8.209204999999999472e+02
8.221414999999999509e+02
8.233619999999999663e+02
8.245824999999999818e+02
8.258034999999999854e+02
8.270244999999999891e+02
8.282450000000000045e+02
8.294655000000000200e+02
8.306865000000000236e+02
8.319070000000000391e+02
8.331275000000000546e+02
8.343485000000000582e+02
8.355689999999999600e+02
8.367894999999999754e+02
8.380104999999999791e+02
8.392314999999999827e+02
8.404519999999999982e+02
8.416725000000000136e+02
8.428935000000000173e+02
8.441140000000000327e+02
8.453345000000000482e+02
8.465555000000000518e+02
8.477760000000000673e+02
8.489964999999999691e+02
8.502174999999999727e+02
8.514384999999999764e+02
8.526589999999999918e+02
8.538795000000000073e+02
8.551005000000000109e+02
8.563210000000000264e+02
8.575415000000000418e+02
8.587625000000000455e+02
8.599829999999999472e+02
8.612034999999999627e+02
8.624244999999999663e+02
8.636454999999999700e+02
8.648659999999999854e+02
8.660865000000000009e+02
8.673075000000000045e+02
8.685280000000000200e+02
8.697485000000000355e+02
8.709695000000000391e+02
8.721900000000000546e+02
8.734104999999999563e+02
8.746314999999999600e+02
8.758524999999999636e+02
8.770729999999999791e+02
8.782934999999999945e+02
8.795144999999999982e+02
8.807350000000000136e+02
8.819555000000000291e+02
8.831765000000000327e+02
8.843969999999999345e+02
8.856174999999999500e+02
8.868384999999999536e+02
8.880594999999999573e+02
8.892799999999999727e+02
8.905004999999999882e+02
8.917214999999999918e+02
8.929420000000000073e+02
8.941625000000000227e+02
8.953835000000000264e+02
8.966040000000000418e+02
8.978244999999999436e+02
8.990454999999999472e+02
9.002664999999999509e+02
9.014869999999999663e+02
9.027074999999999818e+02
9.039284999999999854e+02
9.051490000000000009e+02
9.063695000000000164e+02
9.075905000000000200e+02
9.088110000000000355e+02
9.100315000000000509e+02
9.112525000000000546e+02
9.124735000000000582e+02
9.136939999999999600e+02
9.149144999999999754e+02
9.161354999999999791e+02
9.173559999999999945e+02
9.185765000000000100e+02
9.197975000000000136e+02
9.210180000000000291e+02
9.222385000000000446e+02
9.234595000000000482e+02
9.246805000000000518e+02
9.259010000000000673e+02
9.271214999999999691e+02
9.283424999999999727e+02
9.295629999999999882e+02
9.307835000000000036e+02
9.320045000000000073e+02
9.332250000000000227e+02
9.344455000000000382e+02
9.356665000000000418e+02
9.368875000000000455e+02
9.381079999999999472e+02
9.393284999999999627e+02
9.405494999999999663e+02
9.417699999999999818e+02
9.429904999999999973e+02
9.442115000000000009e+02
9.454320000000000164e+02
9.466525000000000318e+02
9.478735000000000355e+02
9.490945000000000391e+02
9.503150000000000546e+02
9.515354999999999563e+02
9.527564999999999600e+02
9.539769999999999754e+02
9.551974999999999909e+02
9.564184999999999945e+02
9.576390000000000100e+02
9.588595000000000255e+02
9.600805000000000291e+02
9.613015000000000327e+02
9.625219999999999345e+02
9.637424999999999500e+02
9.649634999999999536e+02
9.661839999999999691e+02
9.674044999999999845e+02
9.686254999999999882e+02
9.698460000000000036e+02
9.710665000000000191e+02
9.722875000000000227e+02
9.735085000000000264e+02
9.747290000000000418e+02
9.759494999999999436e+02
9.771704999999999472e+02
9.783909999999999627e+02
9.796114999999999782e+02
9.808324999999999818e+02
9.820529999999999973e+02
9.832735000000000127e+02
9.844945000000000164e+02
9.857155000000000200e+02
9.869360000000000355e+02
9.881565000000000509e+02
9.893775000000000546e+02
9.905979999999999563e+02
9.918184999999999718e+02
9.930394999999999754e+02
9.942599999999999909e+02
9.954805000000000064e+02
9.967015000000000100e+02
9.979225000000000136e+02
9.991430000000000291e+02
1.000363500000000045e+03
1.001584500000000048e+03
1.002805000000000064e+03
1.004025499999999965e+03
1.005246499999999969e+03
1.006466999999999985e+03
1.007687500000000000e+03
1.008908500000000004e+03
1.010129500000000007e+03
1.011350000000000023e+03
1.012570500000000038e+03
1.013791500000000042e+03
1.015011999999999944e+03
1.016232499999999959e+03
1.017453499999999963e+03
1.018673999999999978e+03
1.019894499999999994e+03
1.021115499999999997e+03
1.022336500000000001e+03
1.023557000000000016e+03
1.024777499999999918e+03
1.025998499999999922e+03
1.027219000000000051e+03
1.028439499999999953e+03
1.029660499999999956e+03
1.030880999999999858e+03
1.032101499999999987e+03
1.033322499999999991e+03
1.034543499999999995e+03
1.035764000000000124e+03
1.036984500000000025e+03
1.038205500000000029e+03
1.039425999999999931e+03
1.040646500000000060e+03
1.041867500000000064e+03
1.043088000000000193e+03
1.044308500000000095e+03
1.045529500000000098e+03
1.046750500000000102e+03
1.047971000000000004e+03
1.049191499999999905e+03
1.050412499999999909e+03
1.051632999999999811e+03
1.052853499999999940e+03
1.054074499999999944e+03
1.055295000000000073e+03
1.056515499999999975e+03
1.057736499999999978e+03
1.058957499999999982e+03
1.060177999999999884e+03
1.061398500000000013e+03
1.062619500000000016e+03
1.063840000000000146e+03
1.065060500000000047e+03
1.066281500000000051e+03
1.067501999999999953e+03
1.068722500000000082e+03
1.069943500000000085e+03
1.071164500000000089e+03
1.072384999999999991e+03
1.073605499999999893e+03
1.074826499999999896e+03
1.076047000000000025e+03
1.077267499999999927e+03
1.078488499999999931e+03
1.079708999999999833e+03
1.080929499999999962e+03
1.082150499999999965e+03
1.083371499999999969e+03
1.084592000000000098e+03
1.085812500000000000e+03
1.087033500000000004e+03
1.088253999999999905e+03
1.089474500000000035e+03
1.090695500000000038e+03
1.091916000000000167e+03
1.093136500000000069e+03
1.094357500000000073e+03
1.095578500000000076e+03
1.096798999999999978e+03
1.098019500000000107e+03
1.099240500000000111e+03
1.100461000000000013e+03
1.101681499999999915e+03
1.102902499999999918e+03
1.104123000000000047e+03
1.105343499999999949e+03
1.106564499999999953e+03
1.107785499999999956e+03
1.109005999999999858e+03
1.110226499999999987e+03
1.111447499999999991e+03
1.112668000000000120e+03
1.113888500000000022e+03
1.115109500000000025e+03
1.116329999999999927e+03
1.117550500000000056e+03
1.118771500000000060e+03
1.119992500000000064e+03
1.121213000000000193e+03
1.122433500000000095e+03
1.123654500000000098e+03
1.124875000000000000e+03
1.126095499999999902e+03
1.127316499999999905e+03
1.128536999999999807e+03
1.129757499999999936e+03
1.130978499999999940e+03
1.132199499999999944e+03
1.133420000000000073e+03
1.134640499999999975e+03
1.135861499999999978e+03
1.137081999999999880e+03
1.138302500000000009e+03
1.139523500000000013e+03
1.140744000000000142e+03
1.141964500000000044e+03
1.143185500000000047e+03
1.144406500000000051e+03
1.145626999999999953e+03
1.146847500000000082e+03
1.148068500000000085e+03
1.149288999999999987e+03
1.150509499999999889e+03
1.151730499999999893e+03
1.152951000000000022e+03
1.154171499999999924e+03
1.155392499999999927e+03
1.156613499999999931e+03
1.157833999999999833e+03
1.159054499999999962e+03
1.160275499999999965e+03
1.161496000000000095e+03
1.162716499999999996e+03
1.163937500000000000e+03
1.165157999999999902e+03
1.166378500000000031e+03
1.167599500000000035e+03
1.168820500000000038e+03
1.170041000000000167e+03
1.171261500000000069e+03
1.172482500000000073e+03
1.173702999999999975e+03
1.174923500000000104e+03
1.176144500000000107e+03
1.177365000000000009e+03
1.178585499999999911e+03
1.179806499999999915e+03
1.181027499999999918e+03
1.182248000000000047e+03
1.183468499999999949e+03
1.184689499999999953e+03
1.185909999999999854e+03
1.187130499999999984e+03
1.188351499999999987e+03
1.189572000000000116e+03
1.190792500000000018e+03
1.192013500000000022e+03
1.193234500000000025e+03
1.194454999999999927e+03
1.195675500000000056e+03
1.196896500000000060e+03
1.198117000000000189e+03
1.199337500000000091e+03
1.200558500000000095e+03
1.201778999999999996e+03
1.202999499999999898e+03
1.204220499999999902e+03
1.205441499999999905e+03
1.206661999999999807e+03
1.207882499999999936e+03
1.209103499999999940e+03
1.210324000000000069e+03
1.211544499999999971e+03
1.212765499999999975e+03
1.213985999999999876e+03
1.215206500000000005e+03
1.216427500000000009e+03
1.217648500000000013e+03
1.218869000000000142e+03
1.220089500000000044e+03
1.221310500000000047e+03
1.222530999999999949e+03
1.223751500000000078e+03
1.224972500000000082e+03
1.226193000000000211e+03
1.227413500000000113e+03
1.228634499999999889e+03
1.229855499999999893e+03
1.231076000000000022e+03
1.232296499999999924e+03
1.233517499999999927e+03
1.234737999999999829e+03
1.235958499999999958e+03
1.237179499999999962e+03
1.238400000000000091e+03
1.239620499999999993e+03
1.240841499999999996e+03
1.242062500000000000e+03
1.243282999999999902e+03
1.244503500000000031e+03
1.245724500000000035e+03
1.246945000000000164e+03
1.248165500000000065e+03
1.249386500000000069e+03
1.250606999999999971e+03
1.251827500000000100e+03
1.253048500000000104e+03
1.254269500000000107e+03
1.255490000000000009e+03
1.256710499999999911e+03
1.257931499999999915e+03
1.259152000000000044e+03
1.260372499999999945e+03
1.261593499999999949e+03
1.262813999999999851e+03
1.264034499999999980e+03
1.265255499999999984e+03
1.266476499999999987e+03
1.267697000000000116e+03
1.268917500000000018e+03
1.270138500000000022e+03
1.271358999999999924e+03
1.272579500000000053e+03
1.273800500000000056e+03
1.275021000000000186e+03
1.276241500000000087e+03
1.277462500000000091e+03
1.278683500000000095e+03
1.279903999999999996e+03
1.281124499999999898e+03
1.282345499999999902e+03
1.283565999999999804e+03
1.284786499999999933e+03
1.286007499999999936e+03
1.287228000000000065e+03
1.288448499999999967e+03
1.289669499999999971e+03
1.290890499999999975e+03
1.292110999999999876e+03
1.293331500000000005e+03
1.294552500000000009e+03
1.295773000000000138e+03
1.296993500000000040e+03
1.298214500000000044e+03
1.299434999999999945e+03
1.300655500000000075e+03
1.301876500000000078e+03
1.303097500000000082e+03
1.304318000000000211e+03
1.305538500000000113e+03
1.306759499999999889e+03
1.307980000000000018e+03
1.309200499999999920e+03
1.310421499999999924e+03
1.311641999999999825e+03
1.312862499999999955e+03
1.314083499999999958e+03
1.315304499999999962e+03
1.316525000000000091e+03
1.317745499999999993e+03
1.318966499999999996e+03
1.320186999999999898e+03
1.321407500000000027e+03
1.322628500000000031e+03
1.323849000000000160e+03
1.325069500000000062e+03
1.326290500000000065e+03
1.327511500000000069e+03
1.328731999999999971e+03
1.329952500000000100e+03
1.331173500000000104e+03
1.332394000000000005e+03
1.333614499999999907e+03
1.334835499999999911e+03
1.336056000000000040e+03
1.337276499999999942e+03
1.338497499999999945e+03
1.339718499999999949e+03
1.340938999999999851e+03
1.342159499999999980e+03
1.343380499999999984e+03
1.344601000000000113e+03
1.345821500000000015e+03
1.347042500000000018e+03
1.348262999999999920e+03
1.349483500000000049e+03
1.350704500000000053e+03
1.351925500000000056e+03
1.353146000000000186e+03
1.354366500000000087e+03
1.355587500000000091e+03
1.356807999999999993e+03
1.358028499999999894e+03
1.359249499999999898e+03
1.360469999999999800e+03
1.361690499999999929e+03
1.362911499999999933e+03
1.364132499999999936e+03
1.365353000000000065e+03
1.366573499999999967e+03
1.367794499999999971e+03
1.369014999999999873e+03
1.370235500000000002e+03
1.371456500000000005e+03
1.372677000000000135e+03
1.373897500000000036e+03
1.375118500000000040e+03
1.376339500000000044e+03
1.377559999999999945e+03
1.378780500000000075e+03
1.380001500000000078e+03
1.381222000000000207e+03
1.382442500000000109e+03
1.383663500000000113e+03
1.384884000000000015e+03
1.386104499999999916e+03
1.387325499999999920e+03
1.388546499999999924e+03
1.389766999999999825e+03
1.390987499999999955e+03
1.392208499999999958e+03
1.393429000000000087e+03
1.394649499999999989e+03
1.395870499999999993e+03
1.397090999999999894e+03
1.398311500000000024e+03
1.399532500000000027e+03
1.400753500000000031e+03
1.401974000000000160e+03
1.403194500000000062e+03
1.404415500000000065e+03
1.405635999999999967e+03
1.406856500000000096e+03
1.408077500000000100e+03
1.409298000000000002e+03
1.410518499999999904e+03
1.411739499999999907e+03
1.412960499999999911e+03
1.414181000000000040e+03
1.415401499999999942e+03
1.416622499999999945e+03
1.417842999999999847e+03
1.419063499999999976e+03
1.420284499999999980e+03
1.421505000000000109e+03
1.422725500000000011e+03
1.423946500000000015e+03
1.425167500000000018e+03
1.426387999999999920e+03
1.427608500000000049e+03
1.428829500000000053e+03
1.430050000000000182e+03
1.431270500000000084e+03
1.432491500000000087e+03
1.433711999999999989e+03
1.434932499999999891e+03
1.436153499999999894e+03
1.437374499999999898e+03
1.438594999999999800e+03
1.439815499999999929e+03
1.441036499999999933e+03
1.442257000000000062e+03
1.443477499999999964e+03
1.444698499999999967e+03
1.445918999999999869e+03
1.447139499999999998e+03
1.448360500000000002e+03
1.449581500000000005e+03
1.450802000000000135e+03
1.452022500000000036e+03
1.453243500000000040e+03
1.454463999999999942e+03
1.455684500000000071e+03
1.456905500000000075e+03
1.458126000000000204e+03
1.459346500000000106e+03
1.460567500000000109e+03
1.461788500000000113e+03
1.463009000000000015e+03
1.464229499999999916e+03
1.465450499999999920e+03
1.466670999999999822e+03
1.467891499999999951e+03
1.469112499999999955e+03
1.470333000000000084e+03
1.471553499999999985e+03
1.472774499999999989e+03
1.473995499999999993e+03
1.475215999999999894e+03
1.476436500000000024e+03
1.477657500000000027e+03
1.478878000000000156e+03
1.480098500000000058e+03
1.481319500000000062e+03
1.482539999999999964e+03
1.483760500000000093e+03
1.484981500000000096e+03
1.486202500000000100e+03
1.487423000000000002e+03
1.488643499999999904e+03
1.489864499999999907e+03
1.490474999999999909e+03
