7.500000000000000000e+00 8.886673510475998627e-01 6.227214197867475022e-03 0.000000000000000000e+00 9.686407945558211940e-01
7.560606060606060552e+00 8.883574407346033208e-01 5.767292429186928436e-03 0.000000000000000000e+00 9.654550741494619670e-01
7.621212121212121104e+00 8.879575843545989278e-01 5.347588613601962117e-03 0.000000000000000000e+00 9.619211888019105761e-01
7.681818181818181657e+00 8.875112789165002791e-01 4.931976624555177782e-03 0.000000000000000000e+00 9.577799630426090394e-01
7.742424242424242209e+00 8.869715253299778057e-01 4.556633272725295510e-03 0.000000000000000000e+00 9.532306708097240122e-01
7.803030303030302761e+00 8.870747260669461509e-01 4.190214803715463371e-03 0.000000000000000000e+00 9.478532074464212087e-01
7.863636363636363313e+00 8.862937660265293172e-01 3.845157789124560056e-03 0.000000000000000000e+00 9.416735579904899067e-01
7.924242424242423866e+00 8.853351096343601290e-01 3.524746160513863094e-03 0.000000000000000000e+00 9.345831726265909634e-01
7.984848484848484418e+00 8.842433530658113661e-01 3.218966569441403941e-03 0.000000000000000000e+00 9.262284206336336423e-01
8.045454545454544970e+00 8.828573328914339768e-01 2.932162077756010274e-03 0.000000000000000000e+00 9.164939482635866552e-01
8.106060606060605522e+00 8.813466275808798933e-01 2.657011747354719264e-03 0.000000000000000000e+00 9.047765372665507178e-01
8.166666666666666075e+00 8.795768177543684674e-01 2.400067047864026196e-03 0.000000000000000000e+00 8.909053946663216816e-01
8.227272727272726627e+00 8.775763474218400972e-01 2.163255086839412610e-03 0.000000000000000000e+00 8.744585271939675497e-01
8.287878787878787179e+00 8.751871248411690063e-01 1.934975277899783500e-03 0.000000000000000000e+00 8.540410132689988387e-01
8.348484848484847731e+00 8.723614487930174688e-01 1.725644648102954469e-03 0.000000000000000000e+00 8.294795601645773564e-01
8.409090909090910060e+00 8.688880206665609007e-01 1.530918875764874501e-03 0.000000000000000000e+00 7.990976645435242665e-01
8.469696969696968836e+00 8.646833045183298649e-01 1.350051056566325307e-03 0.000000000000000000e+00 7.613100848256362241e-01
8.530303030303031164e+00 8.594578172988543985e-01 1.187237725992609837e-03 0.000000000000000000e+00 7.147821525751565375e-01
8.590909090909089940e+00 8.523446121204876214e-01 1.037191865423285142e-03 0.000000000000000000e+00 6.556208670095517999e-01
8.651515151515152269e+00 8.425060895019061968e-01 9.081721864240802251e-04 0.000000000000000000e+00 5.837236052912661011e-01
8.712121212121212821e+00 8.277776613683566209e-01 7.960385437617589245e-04 0.000000000000000000e+00 4.951808334863227468e-01
8.772727272727273373e+00 8.035253284180802202e-01 7.042221185129431734e-04 0.000000000000000000e+00 3.905335365853658258e-01
8.833333333333333925e+00 7.590630720543312115e-01 6.363366504893313864e-04 0.000000000000000000e+00 2.760438470860416271e-01
8.893939393939394478e+00 6.645910215584431846e-01 5.951200685637120886e-04 0.000000000000000000e+00 1.641488747836122308e-01
8.954545454545455030e+00 4.453581868562156432e-01 5.872567701397153226e-04 0.000000000000000000e+00 7.917836475104567118e-02
9.015151515151515582e+00 1.477663688558349953e-01 6.178307094016704214e-04 0.000000000000000000e+00 4.133532582590596083e-02
9.075757575757576134e+00 4.001876971436142405e-01 6.979643083144024653e-04 0.000000000000000000e+00 6.197157012548039356e-02
9.136363636363636687e+00 6.689776500388361358e-01 8.409130218728259150e-04 0.000000000000000000e+00 1.302994914296477513e-01
9.196969696969697239e+00 7.715080930909763435e-01 1.065956616537393252e-03 0.000000000000000000e+00 2.237741456166419118e-01
9.257575757575757791e+00 8.145446266895874921e-01 1.404780132480667933e-03 0.000000000000000000e+00 3.235211237075412138e-01
9.318181818181818343e+00 8.339716025360782714e-01 1.898849477819494888e-03 0.000000000000000000e+00 4.142095579563146446e-01
9.378787878787878896e+00 8.428336747922967609e-01 2.616458377855220094e-03 0.000000000000000000e+00 4.911130014326647308e-01
9.439393939393939448e+00 8.455000629600204487e-01 3.658383649590036570e-03 0.000000000000000000e+00 5.514054648241205614e-01
9.500000000000000000e+00 8.433551252436892742e-01 5.172726497191551705e-03 0.000000000000000000e+00 5.924715367434765234e-01
9.560606060606060552e+00 8.359370691399934383e-01 7.285271000951395494e-03 0.000000000000000000e+00 6.063676381299332174e-01
9.621212121212121104e+00 8.236646885503638993e-01 9.628126048209667900e-03 0.000000000000000000e+00 5.847913673118643185e-01
9.681818181818181657e+00 7.997921843791897523e-01 1.173195992584591049e-02 0.000000000000000000e+00 5.513829956207030314e-01
9.742424242424242209e+00 7.783884180080462567e-01 1.356298406562401158e-02 0.000000000000000000e+00 5.026198181537987475e-01
9.803030303030302761e+00 7.836483309005485287e-01 1.480117717161059075e-02 0.000000000000000000e+00 4.536602269773889473e-01
9.863636363636363313e+00 7.985033558255958397e-01 1.488700642004409450e-02 0.000000000000000000e+00 4.240271929379534899e-01
9.924242424242423866e+00 7.883470821725633293e-01 1.419054464247589478e-02 0.000000000000000000e+00 4.363199331150282023e-01
9.984848484848484418e+00 7.790465731783620118e-01 1.335269602905533523e-02 0.000000000000000000e+00 4.647206368824747802e-01
1.004545454545454497e+01 7.810244539861286306e-01 1.126040387501650239e-02 0.000000000000000000e+00 4.733845535166253948e-01
1.010606060606060552e+01 7.921235738733669596e-01 8.344538402119050166e-03 0.000000000000000000e+00 4.326227208976157201e-01
1.016666666666666785e+01 8.095188531904604634e-01 7.131265330440848642e-03 0.000000000000000000e+00 3.455090592559159623e-01
1.022727272727272663e+01 8.022675952385601716e-01 5.617874490884773066e-03 0.000000000000000000e+00 3.764944723618090516e-01
1.028787878787878896e+01 7.209957714244076277e-01 3.836687485721198155e-03 0.000000000000000000e+00 2.781401804302567338e-01
1.034848484848484773e+01 5.626711835582063337e-01 2.886332743921268471e-03 0.000000000000000000e+00 1.913670694864048061e-01
1.040909090909091006e+01 6.893838324925505301e-01 4.086154472124050620e-03 0.000000000000000000e+00 2.112817824377457299e-01
1.046969696969696884e+01 5.852454142893005473e-01 3.749089803440966689e-03 0.000000000000000000e+00 2.126172160143747492e-01
1.053030303030303116e+01 6.063405317000142292e-01 3.895976597290917460e-03 0.000000000000000000e+00 2.822464152947424254e-01
1.059090909090908994e+01 6.939690340143956915e-01 5.179045771314535855e-03 0.000000000000000000e+00 3.962145605905912915e-01
1.065151515151515227e+01 7.276232012802568150e-01 6.845634334959329985e-03 0.000000000000000000e+00 4.648677063255651221e-01
1.071212121212121282e+01 7.280910736103290981e-01 8.802470874057213499e-03 0.000000000000000000e+00 4.914705488322242966e-01
1.077272727272727337e+01 7.262914709638768063e-01 1.034583550481928647e-02 0.000000000000000000e+00 4.800418402226497294e-01
1.083333333333333393e+01 7.375008309492351311e-01 1.134104529439491395e-02 0.000000000000000000e+00 4.588408759613290533e-01
1.089393939393939448e+01 7.401766167788520479e-01 1.198979654246320678e-02 0.000000000000000000e+00 4.563604625790966818e-01
1.095454545454545503e+01 7.446792682774990846e-01 1.244285135738414441e-02 0.000000000000000000e+00 4.534296348812477673e-01
1.101515151515151558e+01 7.701111373652919090e-01 1.269394660841594025e-02 0.000000000000000000e+00 4.625122823006707073e-01
1.107575757575757613e+01 7.735570982660201489e-01 1.294688232964481302e-02 0.000000000000000000e+00 4.878933128236118133e-01
1.113636363636363669e+01 7.698545411826676066e-01 1.350231565380362320e-02 0.000000000000000000e+00 5.362102917551950787e-01
1.119696969696969724e+01 7.656424974306638154e-01 1.405664782482347538e-02 0.000000000000000000e+00 6.256550271805670915e-01
1.125757575757575779e+01 7.670735023913323181e-01 1.382593194936724765e-02 0.000000000000000000e+00 7.092361017551165325e-01
1.131818181818181834e+01 7.695312578097531775e-01 1.259688389376660556e-02 0.000000000000000000e+00 7.587999523790626144e-01
1.137878787878787890e+01 7.731613774122183536e-01 1.095181299878149155e-02 0.000000000000000000e+00 7.786062947324289274e-01
1.143939393939393945e+01 7.838865629816884617e-01 9.784660630330635489e-03 0.000000000000000000e+00 7.516947894502448158e-01
1.150000000000000000e+01 7.908323341297776032e-01 9.275264379785781027e-03 0.000000000000000000e+00 7.780061312918529204e-01
1.156060606060606055e+01 7.900615283766584396e-01 8.254959482243851704e-03 0.000000000000000000e+00 8.342930747082890619e-01
1.162121212121212110e+01 7.918863067195758276e-01 7.247825688730311772e-03 0.000000000000000000e+00 8.564055730184351178e-01
1.168181818181818166e+01 7.950179690174926650e-01 6.401644604021039520e-03 0.000000000000000000e+00 8.618877394001088765e-01
1.174242424242424221e+01 7.997592533109720847e-01 5.684235285552262547e-03 0.000000000000000000e+00 8.403160602719588201e-01
1.180303030303030276e+01 8.056337807780030724e-01 5.170732697546141440e-03 0.000000000000000000e+00 7.725051147988178935e-01
1.186363636363636331e+01 8.081880186948688927e-01 5.393280251494612758e-03 0.000000000000000000e+00 6.662105969148222062e-01
1.192424242424242564e+01 8.010388673219387412e-01 5.822160670904089931e-03 0.000000000000000000e+00 7.296556450231284074e-01
1.198484848484848442e+01 7.978838558754166588e-01 5.252202171908367835e-03 0.000000000000000000e+00 8.251656690893544033e-01
1.204545454545454675e+01 7.983831048625850135e-01 4.640562456873423627e-03 0.000000000000000000e+00 8.717307119451891406e-01
1.210606060606060552e+01 7.997204095873868823e-01 4.165293111945030970e-03 0.000000000000000000e+00 8.922161561345581804e-01
1.216666666666666785e+01 8.008438634160162106e-01 3.785030441143079957e-03 0.000000000000000000e+00 9.028210944145166339e-01
1.222727272727272663e+01 8.016811684039943930e-01 3.465366107967767211e-03 0.000000000000000000e+00 9.087372716524922955e-01
1.228787878787878896e+01 8.022501548682257067e-01 3.192980348245404078e-03 0.000000000000000000e+00 9.122792708290852204e-01
1.234848484848484773e+01 8.025115642715069386e-01 2.954892827434771503e-03 0.000000000000000000e+00 9.145462440295266671e-01
1.240909090909091006e+01 8.025192875791835601e-01 2.740487627471476038e-03 0.000000000000000000e+00 9.157093425605535852e-01
1.246969696969696884e+01 8.022686937477149227e-01 2.549209729309655833e-03 0.000000000000000000e+00 9.162715675252944836e-01
1.253030303030303116e+01 8.017589795194021152e-01 2.377438997198874204e-03 0.000000000000000000e+00 9.163223140495868613e-01
1.259090909090908994e+01 8.010661259476762330e-01 2.219936947483386065e-03 0.000000000000000000e+00 9.159260672809551584e-01
1.265151515151515227e+01 8.002122705044033557e-01 2.077350653201911340e-03 0.000000000000000000e+00 9.152308752584423779e-01
1.271212121212121104e+01 7.991904576842879804e-01 1.946990430682389497e-03 0.000000000000000000e+00 9.141649048625793972e-01
1.277272727272727337e+01 7.980265754218567320e-01 1.826538227788954529e-03 0.000000000000000000e+00 9.127840548432144541e-01
1.283333333333333393e+01 7.967287927764369337e-01 1.714823549907650967e-03 0.000000000000000000e+00 9.111451806425809874e-01
1.289393939393939448e+01 7.953246092989079141e-01 1.611978146498324127e-03 0.000000000000000000e+00 9.091099769279172849e-01
1.295454545454545503e+01 7.938209044540188719e-01 1.516892900803654695e-03 0.000000000000000000e+00 9.068864468864469286e-01
1.301515151515151558e+01 7.922401006791282008e-01 1.427640019846618041e-03 0.000000000000000000e+00 9.042830825913417137e-01
1.307575757575757613e+01 7.905925146296330919e-01 1.344771246156715051e-03 0.000000000000000000e+00 9.013179042108646621e-01
1.313636363636363669e+01 7.888965080006489217e-01 1.267093743503695845e-03 0.000000000000000000e+00 8.980570275044158501e-01
1.319696969696969724e+01 7.871689416523616201e-01 1.195056568379091085e-03 0.000000000000000000e+00 8.944498196851085048e-01
1.325757575757575779e+01 7.854130836598945953e-01 1.127108761979544278e-03 0.000000000000000000e+00 8.904148652377886775e-01
1.331818181818181834e+01 7.836374771068558287e-01 1.064133491054034117e-03 0.000000000000000000e+00 8.859778952426717868e-01
1.337878787878787890e+01 7.818626501586175559e-01 1.004256786900667052e-03 0.000000000000000000e+00 8.811155090313635974e-01
1.343939393939393945e+01 7.801494761453811044e-01 9.478648269551136294e-04 0.000000000000000000e+00 8.756654591274216637e-01
1.350000000000000000e+01 7.783996937378666603e-01 8.953286974300459292e-04 0.000000000000000000e+00 8.698274822053324584e-01
