6.199999999999999289e+00 8.119539999999999536e-01 1.427196666666666488e+03 1.094625333333333401e+03 7.653463333333332397e-01
6.299999999999998934e+00 8.146789999999999310e-01 1.398966666666666697e+03 1.074043333333333294e+03 7.677339999999999165e-01
6.400000000000000355e+00 8.305359999999999410e-01 1.457913333333333185e+03 1.140829999999999927e+03 7.816913333333332936e-01
6.500000000000000000e+00 8.707380000000000120e-01 1.652449999999999818e+03 1.349363333333333230e+03 8.147313333333332519e-01
6.599999999999999645e+00 9.115349999999998731e-01 1.947980000000000018e+03 1.654436666666666497e+03 8.488166666666665527e-01
6.700000000000000178e+00 9.391909999999999981e-01 2.216643333333332976e+03 1.936889999999999873e+03 8.737423333333331765e-01
6.799999999999999822e+00 9.562466666666665782e-01 2.326016666666666424e+03 2.058000000000000000e+03 8.847749999999998671e-01
6.899999999999999467e+00 9.666036666666666388e-01 2.201136666666666315e+03 1.945336666666666588e+03 8.837026666666665253e-01
6.999999999999999112e+00 9.746036666666665349e-01 1.687356666666666570e+03 1.438276666666666642e+03 8.511553333333332638e-01
7.099999999999998757e+00 9.795873333333333655e-01 9.398399999999999181e+02 6.861706666666666479e+02 7.181043333333333445e-01
7.199999999999999289e+00 9.816113333333332802e-01 4.293619999999999663e+02 1.539502666666666642e+02 3.178026666666666777e-01
7.299999999999998934e+00 9.813979999999999926e-01 3.820439999999999827e+02 7.688396666666666590e+01 2.000599999999999601e-01
7.400000000000000355e+00 9.793380000000000418e-01 7.024523333333333994e+02 3.788599999999999568e+02 5.378916666666666568e-01
7.407999999999999474e+00 9.790593333333332815e-01 7.368883333333333212e+02 4.121956666666666251e+02 5.574149999999999938e-01
7.500000000000000000e+00 9.719389999999998864e-01 1.266356666666666570e+03 9.115289999999999964e+02 7.195979999999999599e-01
7.599999999999999645e+00 9.458926666666667149e-01 1.533066666666666606e+03 1.175026666666666642e+03 7.664549999999998864e-01
7.699999999999999289e+00 8.810816666666665409e-01 1.354656666666666524e+03 1.001027333333333218e+03 7.389843333333333542e-01
7.799999999999998934e+00 8.274939999999999518e-01 1.436583333333333485e+03 1.100063333333333276e+03 7.654156666666666053e-01
7.900000000000000355e+00 7.500009999999999177e-01 1.493063333333333276e+03 1.212136666666666770e+03 8.118443333333333900e-01
8.000000000000000000e+00 6.865653333333333608e-01 1.527146666666666761e+03 1.285096666666666351e+03 8.414749999999999730e-01
8.099999999999999645e+00 6.374516666666666387e-01 1.566723333333333358e+03 1.359279999999999973e+03 8.676166666666667027e-01
8.199999999999999289e+00 5.866653333333332609e-01 1.617319999999999709e+03 1.486406666666666524e+03 9.190726666666666489e-01
8.300000000000000711e+00 5.686276666666665314e-01 1.664166666666666515e+03 1.569136666666666542e+03 9.428839999999999444e-01
8.399999999999998579e+00 5.702840000000000131e-01 1.720749999999999773e+03 1.620359999999999900e+03 9.417126666666666424e-01
8.500000000000000000e+00 6.382776666666666321e-01 1.808266666666666652e+03 1.482893333333333203e+03 8.200579999999999536e-01
8.554999999999999716e+00 6.498546666666666916e-01 1.840906666666666524e+03 1.485793333333333294e+03 8.045206666666666617e-01
8.599999999999997868e+00 6.404103333333333037e-01 1.884896666666666533e+03 1.538703333333333376e+03 8.112096666666666067e-01
8.699999999999999289e+00 5.947886666666666322e-01 2.034123333333333221e+03 1.832736666666666679e+03 8.999139999999998807e-01
8.800000000000000711e+00 5.910750000000000171e-01 2.137139999999999873e+03 1.990313333333333276e+03 9.312679999999999847e-01
8.900000000000000355e+00 5.853763333333332763e-01 2.054166666666666515e+03 1.945359999999999673e+03 9.470799999999999219e-01
9.000000000000000000e+00 5.743833333333332458e-01 1.923643333333333203e+03 1.831143333333333203e+03 9.520469999999999766e-01
9.099999999999999645e+00 5.681646666666666512e-01 1.830039999999999964e+03 1.718496666666666442e+03 9.394059999999998523e-01
9.103999999999999204e+00 5.680086666666666062e-01 1.826826666666666597e+03 1.713959999999999809e+03 9.385879999999999779e-01
9.127000000000000668e+00 5.719699999999999784e-01 1.833609999999999673e+03 1.697773333333333085e+03 9.267123333333332491e-01
9.199999999999999289e+00 6.201766666666665984e-01 1.853839999999999691e+03 1.496629999999999654e+03 8.067236666666666167e-01
9.300000000000000711e+00 6.703793333333333271e-01 1.659046666666666624e+03 1.151843333333333248e+03 6.950046666666666040e-01
9.391999999999999460e+00 6.497206666666666131e-01 1.613449999999999818e+03 1.150103333333333239e+03 7.128183333333333316e-01
9.400000000000000355e+00 6.546563333333332846e-01 1.616056666666666388e+03 1.142573333333333267e+03 7.070156666666667089e-01
9.500000000000000000e+00 7.092410000000000103e-01 1.638153333333333194e+03 1.061559999999999945e+03 6.480619999999999159e-01
9.599999999999999645e+00 7.432769999999999655e-01 1.664566666666666379e+03 1.035566666666666606e+03 6.221376666666666999e-01
9.699999999999999289e+00 7.535799999999999166e-01 1.644426666666666506e+03 9.884029999999999063e+02 6.010959999999999637e-01
9.800000000000000711e+00 7.604116666666667079e-01 1.666289999999999964e+03 1.006113333333333230e+03 6.036239999999999384e-01
9.899999999999998579e+00 7.528106666666665170e-01 1.694250000000000000e+03 1.042686666666666497e+03 6.154139999999999056e-01
1.000000000000000000e+01 7.545899999999998720e-01 1.710839999999999918e+03 1.083926666666666733e+03 6.334946666666666504e-01
1.009999999999999787e+01 7.386263333333333847e-01 1.674493333333333112e+03 1.071343666666666650e+03 6.392039999999999944e-01
1.019999999999999929e+01 7.314786666666666104e-01 1.693636666666666770e+03 1.107843333333333248e+03 6.538150000000000350e-01
1.030000000000000071e+01 7.439579999999998972e-01 1.845936666666666497e+03 1.293966666666666697e+03 7.010100000000000220e-01
1.040000000000000036e+01 7.278186666666666138e-01 1.779423333333333403e+03 1.288536666666666633e+03 7.241339999999999444e-01
1.050000000000000000e+01 6.683756666666667012e-01 1.621466666666666470e+03 1.111429999999999836e+03 6.854716666666667013e-01
1.059999999999999964e+01 6.718073333333333119e-01 1.532103333333333239e+03 1.110043333333333294e+03 7.244116666666666760e-01
1.069999999999999929e+01 6.863839999999999941e-01 1.618986666666666679e+03 1.153903333333333194e+03 7.125989999999999824e-01
1.080000000000000071e+01 7.195949999999999847e-01 1.811099999999999909e+03 1.402286666666666633e+03 7.740333333333333510e-01
1.090000000000000036e+01 7.270090000000000163e-01 1.932203333333333376e+03 1.501743333333333339e+03 7.772559999999999469e-01
1.100000000000000000e+01 7.338929999999999065e-01 1.927316666666666606e+03 1.539970000000000027e+03 7.989929999999999533e-01
1.109999999999999964e+01 6.959130000000000038e-01 1.831109999999999673e+03 1.454196666666666715e+03 7.939366666666666239e-01
1.119999999999999929e+01 6.165723333333332778e-01 1.574126666666666551e+03 1.184996666666666670e+03 7.519816666666665483e-01
1.130000000000000071e+01 6.453799999999999537e-01 1.509956666666666479e+03 1.139473333333333358e+03 7.547213333333333551e-01
1.139999999999999858e+01 6.652856666666666641e-01 1.546679999999999836e+03 1.156923333333333403e+03 7.483803333333333141e-01
1.150000000000000000e+01 7.102046666666665953e-01 1.697259999999999764e+03 1.292519999999999982e+03 7.616426666666665790e-01
1.159999999999999787e+01 7.740509999999999335e-01 1.853789999999999964e+03 1.426846666666666579e+03 7.692613333333333525e-01
1.169999999999999929e+01 7.933803333333332430e-01 1.950556666666666615e+03 1.469420000000000073e+03 7.537150000000000238e-01
1.180000000000000071e+01 7.889069999999999139e-01 1.854190000000000055e+03 1.329066666666666606e+03 7.143963333333332999e-01
1.190000000000000036e+01 7.587990000000000013e-01 1.708066666666666606e+03 1.117503333333333103e+03 6.410606666666667230e-01
1.200000000000000000e+01 7.817406666666666393e-01 1.740396666666666533e+03 1.088626666666666551e+03 6.185659999999999492e-01
1.209999999999999964e+01 8.442259999999999209e-01 1.865513333333333321e+03 1.146259999999999991e+03 6.158399999999999430e-01
1.219999999999999929e+01 8.692373333333331953e-01 1.466213333333333139e+03 7.032966666666666242e+02 4.785253333333333581e-01
1.229999999999999893e+01 8.101893333333332059e-01 1.720686666666666497e+03 9.883299999999999272e+02 5.746853333333332703e-01
1.239999999999999858e+01 7.441326666666666645e-01 2.022259999999999991e+03 1.399183333333333394e+03 6.888413333333333055e-01
1.240700000000000003e+01 7.427156666666665519e-01 2.022183333333333167e+03 1.407233333333333348e+03 6.921509999999999607e-01
1.240899999999999892e+01 7.423556666666666359e-01 2.020279999999999745e+03 1.407136666666666315e+03 6.923913333333333586e-01
1.249999999999999822e+01 8.114939999999999376e-01 1.703333333333333030e+03 9.456796666666666624e+02 5.501396666666666935e-01
1.259999999999999787e+01 7.629596666666667026e-01 1.754783333333333076e+03 1.037023333333333312e+03 5.907373333333332255e-01
1.266999999999999815e+01 7.539293333333332292e-01 1.801273333333333085e+03 1.092769333333333179e+03 6.035166666666667012e-01
1.269999999999999751e+01 7.619679999999999787e-01 1.809889999999999873e+03 1.087233999999999924e+03 5.970453333333333168e-01
1.280000000000000071e+01 7.905643333333333134e-01 1.716993333333333112e+03 9.367039999999999509e+02 5.454829999999999401e-01
1.289999999999999858e+01 7.993399999999999395e-01 1.807083333333333258e+03 1.062734333333333325e+03 5.876850000000000129e-01
1.290199999999999925e+01 7.989773333333332062e-01 1.809586666666666588e+03 1.065690333333333228e+03 5.884763333333332680e-01
1.300000000000000000e+01 7.818469999999999587e-01 1.820186666666666497e+03 1.125027000000000044e+03 6.167226666666666413e-01
1.309999999999999787e+01 7.055233333333332801e-01 1.624273333333333085e+03 9.657239999999999327e+02 5.964509999999999534e-01
1.319999999999999929e+01 6.952669999999998574e-01 1.666869999999999891e+03 1.084453333333333376e+03 6.544503333333333561e-01
1.330000000000000071e+01 6.872603333333333619e-01 1.673266666666666424e+03 1.100663333333333412e+03 6.594893333333333718e-01
1.340000000000000036e+01 6.755099999999999438e-01 1.672730000000000018e+03 1.184523333333333312e+03 7.068489999999999496e-01
1.350000000000000000e+01 7.103456666666665420e-01 1.811453333333333148e+03 1.367973333333333358e+03 7.491803333333333370e-01
1.359999999999999964e+01 7.462809999999999722e-01 1.925006666666666661e+03 1.485493333333333112e+03 7.676846666666665708e-01
1.369999999999999929e+01 7.738836666666666364e-01 2.017839999999999918e+03 1.571073333333333267e+03 7.793139999999998402e-01
1.379999999999999893e+01 7.785303333333332132e-01 2.090533333333333303e+03 1.629153333333333194e+03 7.797306666666665720e-01
1.389999999999999858e+01 7.717283333333332385e-01 1.979706666666666479e+03 1.499756666666666661e+03 7.558206666666666962e-01
1.399999999999999822e+01 7.483259999999999357e-01 1.876859999999999900e+03 1.329650000000000091e+03 6.956843333333333490e-01
1.409999999999999787e+01 7.854576666666666096e-01 1.822920000000000073e+03 1.144915333333333365e+03 6.047766666666667401e-01
1.419999999999999751e+01 8.401663333333333483e-01 1.814373333333333221e+03 1.108231333333333168e+03 6.027433333333332977e-01
1.424899999999999878e+01 8.364136666666666109e-01 1.788549999999999727e+03 1.086408666666666704e+03 6.029923333333333524e-01
1.430000000000000071e+01 8.266709999999999336e-01 1.782609999999999900e+03 1.070888666666666495e+03 5.982126666666667258e-01
1.439999999999999858e+01 7.872966666666666447e-01 1.794216666666666697e+03 1.080445333333333110e+03 6.028199999999999115e-01
1.450000000000000000e+01 7.838840000000000252e-01 1.797703333333333148e+03 1.153940000000000055e+03 6.557906666666666329e-01
1.459999999999999787e+01 7.334689999999999266e-01 1.872039999999999736e+03 1.426806666666666615e+03 7.698419999999999153e-01
1.469999999999999929e+01 6.882913333333332551e-01 1.801596666666666351e+03 1.397269999999999982e+03 7.813973333333332771e-01
1.480000000000000071e+01 6.290019999999999500e-01 1.655500000000000000e+03 1.282776666666666642e+03 7.797489999999999144e-01
1.490000000000000036e+01 5.883039999999999381e-01 1.571096666666666579e+03 1.247549999999999955e+03 7.962433333333333030e-01
1.500000000000000000e+01 5.185896666666667265e-01 1.543943333333333157e+03 1.239353333333333239e+03 8.034126666666666639e-01
1.509999999999999964e+01 4.736806666666666388e-01 1.406123333333333449e+03 1.128349999999999909e+03 8.022146666666665205e-01
1.519999999999999929e+01 4.660773333333333435e-01 1.383883333333333212e+03 1.119603333333333239e+03 8.085296666666667020e-01
1.529999999999999893e+01 4.540799999999999836e-01 1.459273333333333312e+03 1.193786666666666633e+03 8.169356666666666156e-01
1.539999999999999858e+01 4.515579999999999594e-01 1.468889999999999873e+03 1.231003333333333103e+03 8.341533333333333022e-01
1.549999999999999822e+01 4.918763333333332488e-01 1.496049999999999955e+03 1.290066666666666606e+03 8.572509999999998742e-01
1.559999999999999787e+01 5.447463333333333324e-01 1.607209999999999809e+03 1.414033333333333303e+03 8.756383333333332963e-01
1.569999999999999751e+01 5.897956666666666070e-01 1.754606666666666570e+03 1.565549999999999727e+03 8.893579999999999819e-01
1.580000000000000071e+01 6.281283333333332886e-01 1.902076666666666370e+03 1.711493333333333339e+03 8.977636666666666265e-01
1.589999999999999858e+01 6.633219999999999672e-01 2.044203333333333148e+03 1.854079999999999927e+03 9.054156666666666187e-01
1.600000000000000000e+01 6.928369999999999251e-01 2.193853333333333012e+03 2.001970000000000027e+03 9.113106666666666023e-01
1.610000000000000142e+01 7.150233333333333441e-01 2.329356666666666570e+03 2.135376666666666551e+03 9.158556666666666235e-01
1.619999999999999929e+01 7.343629999999999880e-01 2.406443333333333157e+03 2.215066666666666606e+03 9.199489999999999057e-01
1.630000000000000071e+01 7.555446666666666422e-01 2.429103333333333467e+03 2.244479999999999563e+03 9.238393333333332347e-01
1.639999999999999858e+01 7.754649999999999599e-01 2.421920000000000073e+03 2.240833333333333485e+03 9.253566666666666052e-01
1.650000000000000000e+01 7.942129999999999468e-01 2.406899999999999636e+03 2.226186666666666497e+03 9.247503333333332298e-01
1.660000000000000142e+01 8.105826666666665625e-01 2.388343333333333248e+03 2.206463333333333139e+03 9.225463333333332461e-01
1.669999999999999929e+01 8.253019999999999801e-01 2.342349999999999454e+03 2.158239999999999782e+03 9.172319999999999363e-01
1.679999999999999716e+01 8.389669999999999073e-01 2.246253333333333103e+03 2.059623333333333449e+03 9.046659999999999702e-01
1.689999999999999858e+01 8.508709999999999329e-01 2.143630999999999858e+03 1.954198999999999614e+03 8.810519999999999463e-01
1.700000000000000000e+01 8.607746666666666879e-01 2.045368666666666513e+03 1.852402333333333218e+03 8.358583333333332588e-01
1.710000000000000142e+01 8.683999999999999497e-01 1.963703333333333376e+03 1.766821666666666715e+03 7.524520000000000097e-01
1.719999999999999574e+01 8.753286666666666438e-01 1.900152666666666391e+03 1.697661699999999882e+03 6.598923333333333030e-01
1.730000000000000071e+01 8.817376666666665308e-01 1.833567333333333181e+03 1.628342633333333197e+03 6.694253333333333167e-01
1.739999999999999858e+01 8.859893333333332954e-01 1.774924333333333379e+03 1.568459000000000060e+03 7.419113333333332561e-01
1.750000000000000000e+01 8.890759999999999774e-01 1.720805666666666639e+03 1.512658666666666477e+03 7.975303333333332301e-01
1.760000000000000142e+01 8.895043333333333413e-01 1.717515000000000100e+03 1.497615666666666584e+03 8.387586666666666524e-01
1.769999999999999929e+01 8.845936666666666115e-01 1.685046666666666624e+03 1.459703666666666550e+03 8.548163333333332892e-01
1.780000000000000071e+01 8.757650000000000157e-01 1.569856666666666570e+03 1.344799999999999955e+03 8.536273333333332936e-01
1.789999999999999858e+01 8.651933333333332588e-01 1.409226666666666688e+03 1.167206666666666479e+03 8.286163333333332881e-01
1.800000000000000000e+01 8.396926666666666428e-01 1.262836666666666588e+03 1.021457999999999970e+03 8.109656666666665847e-01
1.810000000000000142e+01 8.159816666666666052e-01 1.135911999999999807e+03 9.186233333333332212e+02 7.992993333333332506e-01
1.819999999999999929e+01 7.965756666666665708e-01 1.002723333333333358e+03 8.231386666666666088e+02 7.718766666666666554e-01
1.829999999999999716e+01 7.934806666666667230e-01 8.946726666666666006e+02 7.168926666666666279e+02 6.902056666666667173e-01
1.839999999999999858e+01 7.910420000000000229e-01 8.249493333333332430e+02 6.487533333333333303e+02 5.733783333333333232e-01
1.850000000000000000e+01 7.908459999999999379e-01 7.956053333333331921e+02 6.160824666666667326e+02 4.445493333333333519e-01
1.860000000000000142e+01 7.930076666666665552e-01 8.120006666666665751e+02 6.194727333333332808e+02 3.719799999999999773e-01
1.869999999999999574e+01 7.968269999999999520e-01 9.049313333333332139e+02 6.854939999999999145e+02 4.637496666666666711e-01
1.880000000000000071e+01 8.016649999999998499e-01 1.085824666666666644e+03 8.340626666666667006e+02 6.015743333333332110e-01
1.889999999999999858e+01 7.909929999999999461e-01 1.252219999999999800e+03 9.996580000000000155e+02 6.994906666666667050e-01
1.900000000000000000e+01 7.900153333333332917e-01 1.435405999999999949e+03 1.187221999999999753e+03 7.633803333333333274e-01
1.910000000000000142e+01 7.749643333333333661e-01 1.640736666666666679e+03 1.398823333333333267e+03 8.177359999999999074e-01
1.919999999999999929e+01 7.513966666666666017e-01 1.713273333333333312e+03 1.480676666666666733e+03 8.397310000000000052e-01
1.930000000000000071e+01 7.283126666666666083e-01 1.722789999999999964e+03 1.494630000000000109e+03 8.484199999999999520e-01
1.939999999999999858e+01 6.887443333333334028e-01 1.719123333333333221e+03 1.486489999999999782e+03 8.521453333333333102e-01
1.950000000000000000e+01 6.506339999999999346e-01 1.713383333333333212e+03 1.473683333333333394e+03 8.520586666666666309e-01
1.960000000000000142e+01 6.315766666666666751e-01 1.734493333333333339e+03 1.449646666666666761e+03 8.336383333333332590e-01
1.969999999999999929e+01 5.935256666666666181e-01 1.747223333333333130e+03 1.514973333333333358e+03 8.655833333333332602e-01
1.979999999999999716e+01 5.459946666666666282e-01 1.747806666666666388e+03 1.631210000000000036e+03 9.331553333333333367e-01
1.989999999999999858e+01 5.194650000000000656e-01 1.739233333333333121e+03 1.693856666666666570e+03 9.742029999999999301e-01
2.000000000000000000e+01 4.999723333333333519e-01 1.743123333333333449e+03 1.755736666666666679e+03 9.989999999999999991e-01
2.004700000000000060e+01 4.978110000000000035e-01 1.751259999999999991e+03 1.770729999999999791e+03 9.989999999999999991e-01
2.010000000000000142e+01 5.096923333333333028e-01 1.792629999999999882e+03 1.762413333333333185e+03 9.827199999999999269e-01
2.019999999999999574e+01 5.285683333333333067e-01 1.806209999999999809e+03 1.712053333333333285e+03 9.414846666666665254e-01
2.025700000000000145e+01 5.270916666666666250e-01 1.820443333333333157e+03 1.748993333333333339e+03 9.522999999999999243e-01
2.030000000000000071e+01 5.327853333333332220e-01 1.838383333333333212e+03 1.772113333333333230e+03 9.543416666666666437e-01
2.039999999999999858e+01 5.554249999999999465e-01 1.894979999999999791e+03 1.826566666666666606e+03 9.507516666666665506e-01
2.050000000000000000e+01 5.030520000000000547e-01 1.935146666666666533e+03 1.999766666666666424e+03 9.989999999999999991e-01
2.060000000000000142e+01 5.831439999999999957e-01 2.302189999999999600e+03 2.169353333333333467e+03 9.084473333333332734e-01
2.069999999999999929e+01 5.483633333333333137e-01 2.815226666666666461e+03 2.696799999999999727e+03 9.148023333333332729e-01
2.080000000000000071e+01 4.974983333333332647e-01 2.383633333333333212e+03 2.204170000000000073e+03 8.868606666666667415e-01
2.089999999999999858e+01 5.668629999999998947e-01 2.410500000000000000e+03 2.214896666666666533e+03 8.952603333333333246e-01
2.100000000000000000e+01 5.642623333333333102e-01 2.326376666666666551e+03 2.106629999999999654e+03 8.680816666666666404e-01
2.110000000000000142e+01 5.117586666666666950e-01 2.291873333333332994e+03 2.083849999999999909e+03 8.799029999999999907e-01
2.119999999999999929e+01 5.835043333333332916e-01 2.301306666666666388e+03 2.055653333333333194e+03 8.755086666666664907e-01
2.129999999999999716e+01 5.717643333333333189e-01 2.227923333333333176e+03 2.027990000000000009e+03 9.005796666666666672e-01
2.139999999999999858e+01 5.755756666666665966e-01 2.194729999999999563e+03 1.956033333333333303e+03 8.884889999999999732e-01
2.150000000000000000e+01 5.697153333333333514e-01 2.119173333333333176e+03 1.866379999999999882e+03 8.804059999999999109e-01
2.160000000000000142e+01 5.225363333333332694e-01 1.869883333333333212e+03 1.654996666666666670e+03 8.694726666666665604e-01
2.169999999999999574e+01 4.756243333333333156e-01 1.803976666666666688e+03 1.586079999999999927e+03 8.656373333333332587e-01
2.180000000000000071e+01 4.396469999999998990e-01 1.793519999999999754e+03 1.562326666666666370e+03 8.640109999999999735e-01
2.189999999999999858e+01 4.580449999999999244e-01 1.713869999999999891e+03 1.512579999999999927e+03 8.751426666666666243e-01
2.196499999999999986e+01 4.942943333333332800e-01 1.728466666666666470e+03 1.516939999999999827e+03 8.732503333333332396e-01
2.200000000000000000e+01 5.162903333333332956e-01 1.772336666666666588e+03 1.538399999999999864e+03 8.659896666666665466e-01
2.210000000000000142e+01 5.678920000000000634e-01 1.923883333333333212e+03 1.553699999999999818e+03 8.078993333333333027e-01
2.219999999999999929e+01 5.986433333333333051e-01 1.960063333333333048e+03 1.449996666666666442e+03 7.335190000000000321e-01
2.228900000000000148e+01 5.826833333333333309e-01 1.925879999999999882e+03 1.435129999999999882e+03 7.402343333333332165e-01
2.230000000000000071e+01 5.828963333333332386e-01 1.911093333333333248e+03 1.427823333333333267e+03 7.419153333333333711e-01
2.239999999999999858e+01 5.969196666666666262e-01 1.841603333333333239e+03 1.387246666666666442e+03 7.472889999999999810e-01
2.250000000000000000e+01 6.312423333333332387e-01 1.861829999999999927e+03 1.369853333333333239e+03 7.280729999999999702e-01
2.260000000000000142e+01 6.594926666666666160e-01 1.899496666666666670e+03 1.356159999999999854e+03 7.040633333333332633e-01
2.269999999999999929e+01 6.837729999999999642e-01 1.956869999999999891e+03 1.347453333333333376e+03 6.783233333333333892e-01
2.279999999999999716e+01 6.715880000000000738e-01 1.935059999999999718e+03 1.290139999999999873e+03 6.576899999999999968e-01
2.289999999999999858e+01 6.780469999999998443e-01 1.944336666666666588e+03 1.291326666666666597e+03 6.609049999999999647e-01
2.300000000000000000e+01 6.284879999999999356e-01 1.857110000000000127e+03 1.174956666666666706e+03 6.285689999999999333e-01
2.310000000000000142e+01 5.866249999999999520e-01 1.750679999999999836e+03 1.089534666666666681e+03 6.223273333333333435e-01
2.319999999999999574e+01 6.010233333333332428e-01 1.757746666666666442e+03 1.129079999999999927e+03 6.487833333333332675e-01
2.330000000000000071e+01 6.472233333333332617e-01 1.803506666666666433e+03 1.143655999999999949e+03 6.433949999999999392e-01
2.339999999999999858e+01 6.117863333333333209e-01 1.663239999999999782e+03 1.009661999999999807e+03 6.135516666666666064e-01
2.350000000000000000e+01 5.214196666666666147e-01 1.663710000000000036e+03 9.648489999999999327e+02 5.822863333333332392e-01
2.360000000000000142e+01 4.865256666666665786e-01 1.643986666666666679e+03 9.369506666666666206e+02 5.714773333333333927e-01
2.369999999999999929e+01 5.299736666666665652e-01 1.697273333333333085e+03 1.004817999999999870e+03 5.954143333333332677e-01
2.380000000000000071e+01 5.754719999999999835e-01 1.861739999999999782e+03 1.175266666666666424e+03 6.352416666666667044e-01
2.389999999999999858e+01 6.361159999999999037e-01 1.955513333333333094e+03 1.301686666666666497e+03 6.684016666666666717e-01
2.400000000000000000e+01 7.026506666666666456e-01 2.083429999999999836e+03 1.361956666666666479e+03 6.562533333333333552e-01
2.410000000000000142e+01 7.193373333333332731e-01 2.074373333333332994e+03 1.296116666666666561e+03 6.214663333333332318e-01
2.419999999999999929e+01 7.018860000000000099e-01 1.989606666666666342e+03 1.204409333333333279e+03 5.881536666666665747e-01
2.429999999999999716e+01 6.982469999999999510e-01 2.013009999999999764e+03 1.166917333333333318e+03 5.501816666666665689e-01
2.439999999999999858e+01 7.313189999999999413e-01 2.114659999999999854e+03 1.230774666666666690e+03 5.573246666666666904e-01
2.450000000000000000e+01 7.874269999999999881e-01 2.224046666666666624e+03 1.330115999999999985e+03 5.823656666666665593e-01
2.459999999999999787e+01 8.217383333333332374e-01 2.102323333333333267e+03 1.237382000000000062e+03 5.659643333333332915e-01
2.469999999999999574e+01 8.020700000000000607e-01 2.006303333333333285e+03 1.175577999999999975e+03 5.606346666666666145e-01
2.479999999999999716e+01 7.128186666666666005e-01 2.275116666666666333e+03 1.528643333333333430e+03 6.699916666666666520e-01
2.489999999999999858e+01 6.587886666666666891e-01 2.276516666666666424e+03 1.764916666666666515e+03 7.732143333333333368e-01
2.495599999999999596e+01 6.446116666666665829e-01 2.153033333333332848e+03 1.736593333333333248e+03 8.015499999999999847e-01
2.499999999999999645e+01 6.390003333333332813e-01 2.050119999999999891e+03 1.665013333333333321e+03 8.046249999999999236e-01
2.509799999999999898e+01 6.316336666666666488e-01 1.864403333333333194e+03 1.505494666666666490e+03 7.903970000000000162e-01
2.510000000000000142e+01 6.319353333333332934e-01 1.863263333333333321e+03 1.502651666666666415e+03 7.890496666666666492e-01
2.519999999999999574e+01 6.526806666666666867e-01 1.789516666666666424e+03 1.307735333333333301e+03 6.986746666666666661e-01
2.530000000000000071e+01 7.065953333333332420e-01 1.658219999999999800e+03 9.620639999999998508e+02 5.421636666666667104e-01
2.539999999999999503e+01 6.833339999999999970e-01 1.528456666666666479e+03 8.869139999999999873e+02 5.392903333333333160e-01
2.542299999999999471e+01 6.796473333333332700e-01 1.526663333333333185e+03 8.916993333333333567e+02 5.443369999999999598e-01
2.550000000000000000e+01 6.800753333333333650e-01 1.549136666666666542e+03 8.988426666666666733e+02 5.495333333333333181e-01
2.560000000000000142e+01 6.857050000000000090e-01 1.629839999999999918e+03 9.264020000000000437e+02 5.557716666666666638e-01
2.569999999999999929e+01 6.945266666666666255e-01 1.741433333333333394e+03 1.025319333333333361e+03 5.839969999999999883e-01
2.579999999999999716e+01 6.546559999999999047e-01 1.767053333333333285e+03 1.049257000000000062e+03 5.939499999999999780e-01
2.589999999999999858e+01 5.895386666666666553e-01 1.777643333333333430e+03 1.090493333333333339e+03 6.128756666666665964e-01
2.600000000000000000e+01 6.089306666666666201e-01 1.951989999999999782e+03 1.311026666666666642e+03 6.714156666666666329e-01
2.609999999999999787e+01 6.868039999999999701e-01 2.122096666666666351e+03 1.467089999999999918e+03 6.907996666666667007e-01
2.619999999999999574e+01 6.175993333333332780e-01 2.073250000000000000e+03 1.455539999999999964e+03 6.986356666666666548e-01
2.629999999999999716e+01 5.508833333333333915e-01 2.172106666666666570e+03 1.533626666666666551e+03 7.001399999999999846e-01
2.639999999999999858e+01 5.374763333333333337e-01 2.081333333333333030e+03 1.492429999999999836e+03 7.038736666666667308e-01
2.649999999999999645e+01 5.044376666666665621e-01 1.857716666666666697e+03 1.327594000000000051e+03 6.858999999999999542e-01
2.660000000000000142e+01 4.429963333333332698e-01 1.750603333333333239e+03 1.280225999999999885e+03 6.976559999999999429e-01
2.669999999999999574e+01 4.206729999999999636e-01 1.893176666666666506e+03 1.416840000000000146e+03 7.299259999999999637e-01
2.680000000000000071e+01 3.823966666666666625e-01 1.995516666666666424e+03 1.525999999999999773e+03 7.573823333333333796e-01
2.689999999999999503e+01 3.748756666666666626e-01 1.909163333333333185e+03 1.547196666666666715e+03 8.062816666666665633e-01
2.700000000000000000e+01 3.966103333333332870e-01 1.880240000000000009e+03 1.568389999999999873e+03 8.324146666666666361e-01
2.710000000000000142e+01 4.314039999999999542e-01 1.886543333333333067e+03 1.592283333333333303e+03 8.434070000000000178e-01
2.719999999999999929e+01 4.800273333333332504e-01 1.919939999999999827e+03 1.618623333333333221e+03 8.430526666666666724e-01
2.724799999999999756e+01 5.077443333333332420e-01 1.952173333333333176e+03 1.641686666666666497e+03 8.408866666666665601e-01
2.729999999999999716e+01 5.452829999999999622e-01 2.017276666666666642e+03 1.665286666666666633e+03 8.246240000000000236e-01
2.739999999999999858e+01 6.046539999999999138e-01 2.172943333333333157e+03 1.734353333333333239e+03 7.920463333333332967e-01
2.750000000000000000e+01 6.250676666666665771e-01 2.283536666666666406e+03 1.818776666666666415e+03 7.856573333333332076e-01
2.759999999999999787e+01 6.312796666666666834e-01 2.415466666666666697e+03 1.917986666666666451e+03 7.802503333333332680e-01
2.762199999999999989e+01 6.308226666666666427e-01 2.455336666666666588e+03 1.939519999999999754e+03 7.758786666666666054e-01
2.769999999999999574e+01 6.323716666666666653e-01 2.565963333333333139e+03 1.991779999999999745e+03 7.604733333333333345e-01
2.779999999999999716e+01 6.321853333333333769e-01 2.451286666666666861e+03 1.953013333333333321e+03 7.786706666666666221e-01
2.789999999999999858e+01 6.202583333333333560e-01 2.299576666666666370e+03 1.841693333333333157e+03 7.841316666666666713e-01
2.799999999999999645e+01 6.088886666666666336e-01 2.155013333333333321e+03 1.725253333333333103e+03 7.880699999999999372e-01
2.810000000000000142e+01 5.994473333333333320e-01 2.055163333333332957e+03 1.645136666666666542e+03 7.903976666666665540e-01
2.819999999999999574e+01 5.872699999999999587e-01 1.976589999999999691e+03 1.582079999999999927e+03 7.914649999999998631e-01
2.830000000000000071e+01 5.761936666666667151e-01 1.936366666666666561e+03 1.556213333333333139e+03 7.974589999999999179e-01
2.839999999999999503e+01 5.820980000000000043e-01 1.933539999999999964e+03 1.563616666666666561e+03 8.070009999999998573e-01
2.850000000000000000e+01 5.972830000000000084e-01 1.949926666666666733e+03 1.579470000000000027e+03 8.126329999999999387e-01
2.860000000000000142e+01 5.940673333333332806e-01 1.944389999999999873e+03 1.576063333333333048e+03 8.134999999999998899e-01
2.869999999999999929e+01 5.945583333333332998e-01 1.948846666666666579e+03 1.569859999999999900e+03 8.081153333333332967e-01
2.879999999999999716e+01 5.995249999999999746e-01 1.940253333333333330e+03 1.545849999999999909e+03 7.946219999999999395e-01
2.889999999999999858e+01 5.904923333333332858e-01 1.929913333333333412e+03 1.497149666666666690e+03 7.611406666666665766e-01
2.900000000000000000e+01 5.390316666666665757e-01 2.065093333333333248e+03 1.524082999999999856e+03 7.154829999999999801e-01
2.909999999999999787e+01 4.971769999999999801e-01 2.096689999999999600e+03 1.554427999999999884e+03 7.232263333333333044e-01
2.919999999999999574e+01 4.889166666666666661e-01 1.979769999999999754e+03 1.548869999999999891e+03 7.706143333333332901e-01
2.929999999999999716e+01 4.809053333333332958e-01 1.972583333333333030e+03 1.587339999999999691e+03 7.960659999999999403e-01
2.939999999999999858e+01 4.726879999999999415e-01 2.027289999999999964e+03 1.646053333333333285e+03 8.040846666666666698e-01
2.949999999999999645e+01 4.617579999999999463e-01 2.130366666666666788e+03 1.729216666666666697e+03 8.034550000000000303e-01
2.960000000000000142e+01 4.576129999999999365e-01 2.246690000000000055e+03 1.818799999999999727e+03 8.017036666666665923e-01
2.969999999999999574e+01 4.688890000000000002e-01 2.265730000000000018e+03 1.832396666666666533e+03 8.048269999999999591e-01
2.980000000000000071e+01 4.818363333333333109e-01 2.127076666666666824e+03 1.719096666666666579e+03 8.111796666666666322e-01
2.989999999999999503e+01 4.885593333333333455e-01 1.946213333333333139e+03 1.567523333333333085e+03 8.162966666666665594e-01
3.000000000000000000e+01 4.802483333333332771e-01 1.780469999999999800e+03 1.432799999999999955e+03 8.210306666666666864e-01
3.010000000000000142e+01 4.557339999999999725e-01 1.634096666666666806e+03 1.318636666666666542e+03 8.254409999999998693e-01
3.019999999999999929e+01 4.273443333333333261e-01 1.517373333333333221e+03 1.237151333333333241e+03 8.323506666666666831e-01
3.029999999999999716e+01 3.990203333333333102e-01 1.420985999999999876e+03 1.176264666666666471e+03 8.410373333333333035e-01
3.039999999999999858e+01 3.741283333333332850e-01 1.354016666666666424e+03 1.136996000000000095e+03 8.487089999999999357e-01
3.050000000000000000e+01 3.537730000000000041e-01 1.313867999999999938e+03 1.114897333333333336e+03 8.546596666666665953e-01
3.059999999999999787e+01 3.376936666666666698e-01 1.296923999999999978e+03 1.106369333333333316e+03 8.580629999999999091e-01
3.069999999999999574e+01 3.257473333333332777e-01 1.295604666666666617e+03 1.107857999999999947e+03 8.599083333333332746e-01
3.079999999999999716e+01 3.178606666666666802e-01 1.309884000000000015e+03 1.118223999999999933e+03 8.594966666666665756e-01
3.089999999999999858e+01 3.135586666666666522e-01 1.343570666666666511e+03 1.137480000000000018e+03 8.553526666666665390e-01
3.099999999999999645e+01 3.116643333333333210e-01 1.402489333333333207e+03 1.166581999999999880e+03 8.461483333333332801e-01
3.110000000000000142e+01 3.115686666666666604e-01 1.455889999999999873e+03 1.203623999999999796e+03 8.419820000000000082e-01
3.119999999999999574e+01 3.138003333333332923e-01 1.506266666666666652e+03 1.250861999999999853e+03 8.421726666666665695e-01
3.130000000000000071e+01 3.141926666666666756e-01 1.610159999999999854e+03 1.321619999999999891e+03 8.331709999999999949e-01
3.139999999999999503e+01 3.110513333333332908e-01 1.765113333333333230e+03 1.422383333333333212e+03 8.193136666666664958e-01
3.150000000000000000e+01 3.078429999999999778e-01 1.899546666666666624e+03 1.522213333333333139e+03 8.101349999999999385e-01
3.160000000000000142e+01 2.990193333333333037e-01 1.975163333333333185e+03 1.589199999999999818e+03 8.067333333333333023e-01
3.169999999999999929e+01 2.721036666666666326e-01 1.996156666666666524e+03 1.607099999999999682e+03 8.046416666666664774e-01
3.179999999999999716e+01 2.315073333333332872e-01 1.868663333333333412e+03 1.510463333333333367e+03 8.068319999999999936e-01
3.189999999999999858e+01 1.959396666666666509e-01 1.663153333333333194e+03 1.360136666666666770e+03 8.154076666666666418e-01
3.200000000000000000e+01 1.744959999999999845e-01 1.498700000000000045e+03 1.244416666666666742e+03 8.271299999999999208e-01
3.209999999999999432e+01 1.629743333333333322e-01 1.399710000000000036e+03 1.179162333333333208e+03 8.382153333333333123e-01
3.220000000000000284e+01 1.567453333333333199e-01 1.351609999999999900e+03 1.152817999999999984e+03 8.475233333333332952e-01
3.229999999999999716e+01 1.533069999999999988e-01 1.337336666666666588e+03 1.152284666666666681e+03 8.550723333333332121e-01
3.239999999999999858e+01 1.517239999999999978e-01 1.345230000000000018e+03 1.168486333333333278e+03 8.610996666666665966e-01
3.250000000000000000e+01 1.517476666666666696e-01 1.368019999999999982e+03 1.195567000000000007e+03 8.656759999999998900e-01
3.260000000000000142e+01 1.534633333333333127e-01 1.401653333333333194e+03 1.229668999999999869e+03 8.683873333333331779e-01
3.270000000000000284e+01 1.585429999999999895e-01 1.440053333333333285e+03 1.266856999999999971e+03 8.703676666666665396e-01
3.279999999999999716e+01 1.646193333333333397e-01 1.480943333333333157e+03 1.304904999999999973e+03 8.714676666666665295e-01
3.289999999999999147e+01 1.711286666666666512e-01 1.524366666666666788e+03 1.343340333333333319e+03 8.714846666666666852e-01
3.300000000000000000e+01 1.779606666666666559e-01 1.571573333333333267e+03 1.382602666666666664e+03 8.702493333333333192e-01
3.310000000000000142e+01 1.847280000000000033e-01 1.625933333333333167e+03 1.424539999999999964e+03 8.675553333333332340e-01
3.320000000000000284e+01 1.904976666666666485e-01 1.692929999999999836e+03 1.472136666666666770e+03 8.631839999999999513e-01
3.329999999999999716e+01 1.912320000000000131e-01 1.772789999999999964e+03 1.524426666666666733e+03 8.575526666666665188e-01
3.339999999999999858e+01 1.851216666666666566e-01 1.845973333333333358e+03 1.571243333333333339e+03 8.534243333333332293e-01
3.350000000000000000e+01 1.760073333333333212e-01 1.862863333333333230e+03 1.586303333333333285e+03 8.546403333333332242e-01
3.359999999999999432e+01 1.700300000000000145e-01 1.815680000000000064e+03 1.565993333333333339e+03 8.621459999999998569e-01
3.370000000000000284e+01 1.708066666666666622e-01 1.759756666666666661e+03 1.541599999999999909e+03 8.725539999999999408e-01
3.379999999999999716e+01 1.767430000000000112e-01 1.728956666666666706e+03 1.531283333333333076e+03 8.811633333333332985e-01
3.389999999999999858e+01 1.847026666666666539e-01 1.714639999999999873e+03 1.530659999999999854e+03 8.881809999999999983e-01
