1.612903225806451474e+03
1.600102406554019353e+03
1.574900793650793730e+03
1.550480769230769511e+03
1.526806526806527017e+03
1.503844414292175770e+03
1.481562774363477047e+03
1.459931798806479492e+03
1.438923395445135156e+03
1.418511066398390994e+03
1.398669796557121117e+03
1.379375951293760181e+03
1.360607182524991458e+03
1.350621679995330396e+03
1.341612670986321518e+03
1.324561403508772855e+03
1.307245386192755404e+03
1.290376290376291308e+03
1.273937033430705242e+03
1.257911392405064362e+03
1.242283950617284972e+03
1.227040048178260577e+03
1.212165736115193340e+03
1.197647733792313147e+03
1.183473389355743393e+03
1.172688830061540102e+03
1.165848884781102242e+03
1.156107992515371279e+03
1.142894461859980311e+03
1.129979570990808043e+03
1.117353308364545683e+03
1.105006105006106282e+03
1.098659688290620352e+03
1.097034273057228120e+03
1.091303395086723867e+03
1.081112669471717027e+03
1.070002381344910873e+03
1.064282866359781792e+03
1.058230683090706862e+03
1.047149122807019012e+03
1.036297250859107862e+03
1.025667999158427619e+03
1.015254586683159459e+03
1.005050505050506445e+03
9.950495049504963845e+02
9.852455833818689825e+02
9.756329716352574906e+02
9.662061239731156093e+02
9.569597069597083419e+02
9.478885893980248056e+02
9.389878328337167659e+02
9.302526825891325188e+02
9.216785592932395730e+02
9.132610508757311436e+02
9.049959049959063577e+02
8.968790218790232984e+02
8.889064475347674943e+02
8.810743673342662987e+02
8.733790999237237429e+02
8.658170914542743049e+02
8.583849101090495424e+02
8.510792409097507516e+02
8.438968807862141830e+02
8.368347338935589050e+02
8.298898071625358170e+02
8.230592060696396857e+02
8.163401306144223781e+02
8.097298714922646923e+02
8.062241138587226033e+02
8.059316622302210362e+02
8.029333548231129498e+02
7.968253968253982293e+02
7.914583881434716659e+02
7.883337787196496720e+02
7.843257874015762354e+02
7.782218992248076574e+02
7.751337152223266003e+02
7.721522006129050624e+02
7.662947739283631563e+02
7.604672681008573818e+02
7.547277284119404612e+02
7.490741779822706121e+02
7.435046987285807063e+02
7.380174291939011937e+02
7.326105624731658281e+02
7.272823442293465632e+02
7.220310707955388807e+02
7.168550873586858643e+02
7.117527862208727356e+02
7.067226051343536710e+02
7.030144937277542567e+02
7.005521673217658645e+02
6.968725718725733032e+02
6.920498084291202758e+02
6.872933396315554546e+02
6.826018078464276186e+02
6.779738922596079647e+02
6.734083076364969429e+02
6.689038031319923903e+02
6.644591611479042967e+02
6.600731962356235272e+02
6.557447540419690313e+02
6.514727102962410754e+02
6.472559698366163730e+02
6.430934656741121671e+02
6.389841580924396567e+02
6.349270337821508292e+02
6.309211050075643925e+02
6.269654088050327800e+02
6.230590062111814404e+02
6.192009815198234719e+02
6.153904415663120062e+02
6.116265150381577769e+02
6.079083518107921691e+02
6.042351223074127802e+02
6.006060168819001319e+02
5.970202452238393107e+02
5.934770357847294235e+02
5.899756352245053677e+02
5.865153078775383619e+02
5.830953352373194321e+02
5.797150154590683542e+02
5.763736628795442130e+02
5.730706075533674948e+02
5.698051948051961517e+02
5.665767847971251285e+02
5.633847521107104512e+02
5.602284853430431895e+02
5.571073867163265732e+02
5.540208717004310301e+02
5.509683686479279459e+02
5.479493184411230686e+02
5.449631741506309481e+02
5.420094007050540768e+02
5.390874745713467746e+02
5.361968834454614807e+02
5.333371259528969404e+02
5.305077113587765325e+02
5.277081592871079465e+02
5.249379994488851935e+02
5.221967713787098546e+02
5.194840241796213149e+02
5.167993162758411927e+02
5.141422151731442227e+02
5.115122972265842236e+02
5.089091474153125318e+02
5.063323591242385078e+02
5.037815339322888804e+02
5.012562814070363970e+02
4.994138773881385305e+02
4.981700962936110955e+02
4.962809713807213825e+02
4.943530093740978941e+02
4.931336756180621705e+02
4.914034579348992793e+02
4.890004782400777685e+02
4.866208856263332336e+02
4.842643403217497280e+02
4.819305091044233222e+02
4.796190651453821374e+02
4.773296878560048526e+02
4.750620627397890416e+02
4.728158812483245583e+02
4.705908406413334433e+02
4.683866438506439636e+02
4.662029993479690120e+02
4.640396210163663682e+02
4.618962280252614505e+02
4.597725447089176214e+02
4.576683004482438264e+02
4.559453759457506976e+02
4.549076009353729546e+02
4.535170711641311527e+02
4.514695691166290885e+02
4.495511258937169714e+02
4.485411473052630527e+02
4.474295323510581284e+02
4.454365079365090878e+02
4.434611602753207080e+02
4.415032552337152083e+02
4.395625627946529903e+02
4.376388569677479836e+02
4.357319157015390374e+02
4.338415207980436890e+02
4.319674578295279161e+02
4.301095160574230931e+02
4.282674883533263710e+02
4.264411711220233201e+02
4.246303642264706468e+02
4.228348709146832221e+02
4.210544977484676110e+02
4.192890545339485584e+02
4.175383542538364736e+02
4.158022130013841888e+02
4.140804499159847865e+02
4.123728871203629751e+02
4.106793496593143118e+02
4.089996654399475347e+02
4.073336651733874874e+02
4.056811823178970826e+02
4.040420530233783438e+02
4.024161160772131325e+02
4.011558334636837344e+02
4.003526206122781446e+02
3.992190612797837730e+02
3.984222485307798252e+02
3.976158856636955079e+02
3.960411569107232026e+02
3.944788521988122056e+02
3.935226983068533286e+02
3.927507359786148982e+02
3.913909313725500851e+02
3.898650291828804484e+02
3.883509787952834813e+02
3.868486426625971717e+02
3.853578853578864027e+02
3.838785735337469873e+02
3.824105758825431849e+02
3.809537630975542015e+02
3.795080078350050599e+02
3.780731846769592721e+02
3.766491700950499535e+02
3.752358424150273777e+02
3.738330817821017718e+02
3.724407701270608868e+02
3.710587911331415967e+02
3.696870302036363682e+02
3.683253744302159021e+02
3.673232358122349979e+02
3.666498895506533700e+02
3.656319349750016272e+02
3.642999336430003723e+02
3.629776021080378996e+02
3.621745531549630641e+02
3.615205480275628815e+02
3.603615302703695420e+02
3.590675846419648565e+02
3.577828981054797168e+02
3.565073716319277537e+02
3.552409075995062722e+02
3.539834097686900805e+02
3.527347832578519728e+02
3.514949345193980434e+02
3.502637713164038473e+02
3.490412026997402108e+02
3.478271389856765268e+02
3.466214917339494832e+02
3.454241737262866536e+02
3.442350989453736361e+02
3.430541825542541119e+02
3.418813408761522510e+02
3.407164913747078572e+02
3.395595526346140787e+02
3.384104443426487023e+02
3.372690872690882316e+02
3.361354032494981539e+02
3.350093151668883138e+02
3.338907469342261720e+02
3.327796234772988555e+02
3.316758707179169505e+02
3.305794155574507158e+02
3.294901858606922360e+02
3.284081104400354434e+02
3.273331190399666184e+02
3.262651423218591162e+02
3.252041118490639064e+02
3.241499600722910941e+02
3.231026203152739527e+02
3.220620267607104097e+02
3.210281144364754482e+02
3.200008192020980573e+02
3.189800777354967067e+02
3.179658275199685704e+02
3.169580068314254504e+02
3.159565547258724223e+02
3.149614110271222671e+02
3.139725163147422791e+02
3.129898119122266280e+02
3.120132398753902976e+02
3.110427429809803357e+02
3.100782647154981078e+02
3.091197492642290285e+02
3.081671415004757364e+02
3.072203869749890828e+02
3.062794319055936398e+02
3.053442231670031788e+02
3.044147082808223104e+02
3.034908354057298538e+02
3.025725533278412058e+02
3.016598114512439679e+02
3.007525597887052413e+02
2.998507489525462120e+02
2.989543301456796485e+02
2.980632551528082672e+02
2.971774763317798715e+02
2.962969466050963092e+02
2.954216194515726670e+02
2.949852507374640140e+02
