1492.537313	0.868328
1488.095238	0.868264
1483.679525	0.868822
1479.289941	0.868891
1474.926254	0.868772
1470.588235	0.868929
1466.275660	0.869734
1461.988304	0.871413
1457.725948	0.873793
1453.488372	0.875956
1449.275362	0.877589
1445.086705	0.878816
1440.922190	0.880631
1436.781609	0.882888
1432.664756	0.885022
1428.571429	0.886936
1424.501425	0.888659
1420.454545	0.889575
1416.430595	0.890264
1412.429379	0.891559
1408.450704	0.893079
1404.494382	0.894639
1400.560224	0.896095
1396.648045	0.897074
1392.757660	0.898308
1388.888889	0.900213
1385.041551	0.902451
1381.215470	0.904496
1377.410468	0.906766
1373.626374	0.909546
1369.863014	0.912391
1366.120219	0.914804
1362.397820	0.916619
1358.695652	0.918478
1355.013550	0.920643
1351.351351	0.922667
1347.708895	0.924386
1344.086022	0.926386
1340.482574	0.928677
1336.898396	0.931104
1333.333333	0.933775
1329.787234	0.936063
1326.259947	0.937734
1322.751323	0.939254
1319.261214	0.941239
1315.789474	0.943330
1312.335958	0.945385
1308.900524	0.947533
1305.483029	0.949821
1302.083333	0.952279
1298.701299	0.954816
1295.336788	0.957289
1291.989664	0.959989
1288.659794	0.962897
1285.347044	0.965792
1282.051282	0.968454
1278.772379	0.970965
1275.510204	0.973566
1272.264631	0.976080
1269.035533	0.978337
1265.822785	0.980395
1262.626263	0.982338
1259.445844	0.984250
1256.281407	0.985835
1253.132832	0.987196
1250.000000	0.988568
1246.882793	0.990165
1243.781095	0.991641
1240.694789	0.992807
1237.623762	0.993981
1234.567901	0.995247
1231.527094	0.996446
1228.501229	0.997246
1225.490196	0.997679
1222.493888	0.998194
1219.512195	0.998895
1216.545012	0.999584
1213.592233	0.999916
1210.653753	0.999706
1207.729469	0.999187
1204.819277	0.998471
1201.923077	0.997505
1199.040767	0.996189
1196.172249	0.994637
1193.317422	0.992739
1190.476190	0.990507
1187.648456	0.987785
1184.834123	0.984482
1182.033097	0.980817
1179.245283	0.976797
1176.470588	0.972413
1173.708920	0.967369
1170.960187	0.961427
1168.224299	0.954456
1165.501166	0.946572
1162.790698	0.937606
1160.092807	0.927106
1157.407407	0.915112
1154.734411	0.901327
1152.073733	0.886468
1149.425287	0.871867
1146.788991	0.859193
1144.164760	0.848527
1141.552511	0.839234
1138.952164	0.830069
1136.363636	0.820671
1133.786848	0.812193
1131.221719	0.805825
1128.668172	0.801294
1126.126126	0.797847
1123.595506	0.794582
1121.076233	0.791095
1118.568233	0.787625
1116.071429	0.784852
1113.585746	0.782719
1111.111111	0.781072
1108.647450	0.780177
1106.194690	0.779908
1103.752759	0.779972
1101.321586	0.780220
1098.901099	0.780385
1096.491228	0.780262
1094.091904	0.779871
1091.703057	0.779415
1089.324619	0.778928
1086.956522	0.778476
1084.598698	0.778218
1082.251082	0.778132
1079.913607	0.778064
1077.586207	0.777782
1075.268817	0.777252
1072.961373	0.776603
1070.663812	0.776050
1068.376068	0.775837
1066.098081	0.776098
1063.829787	0.776773
1061.571125	0.777736
1059.322034	0.778991
1057.082452	0.780554
1054.852321	0.782334
1052.631579	0.784424
1050.420168	0.786808
1048.218029	0.789521
1046.025105	0.792865
1043.841336	0.797016
1041.666667	0.801962
1039.501040	0.807491
1037.344398	0.812999
1035.196687	0.817959
1033.057851	0.821975
1030.927835	0.824708
1028.806584	0.826076
1026.694045	0.826054
1024.590164	0.824503
1022.494888	0.821435
1020.408163	0.817158
1018.329939	0.812140
1016.260163	0.807117
1014.198783	0.803033
1012.145749	0.800613
1010.101010	0.800143
1008.064516	0.801473
1006.036217	0.804033
1004.016064	0.806930
1002.004008	0.809214
1000.000000	0.810198
998.003992	0.809644
996.015936	0.807639
994.035785	0.804397
992.063492	0.800167
990.099010	0.795134
988.142292	0.789497
986.193294	0.783702
984.251969	0.778437
982.318271	0.774494
980.392157	0.772603
978.473581	0.773035
976.562500	0.775380
974.658869	0.778789
972.762646	0.782237
970.873786	0.784782
968.992248	0.785928
967.117988	0.785787
965.250965	0.784858
963.391137	0.783723
961.538462	0.782868
959.692898	0.782574
957.854406	0.782886
956.022945	0.783692
954.198473	0.784871
952.380952	0.786345
950.570342	0.788026
948.766603	0.789797
946.969697	0.791572
945.179584	0.793237
943.396226	0.794612
941.619586	0.795533
939.849624	0.795907
938.086304	0.795687
936.329588	0.794899
934.579439	0.793691
932.835821	0.792335
931.098696	0.791181
929.368030	0.790570
927.643785	0.790782
925.925926	0.792092
924.214418	0.794498
922.509225	0.797877
920.810313	0.801995
919.117647	0.806533
917.431193	0.811152
915.750916	0.815508
914.076782	0.819253
912.408759	0.821980
910.746812	0.823632
909.090909	0.824466
907.441016	0.824746
905.797101	0.824802
904.159132	0.824957
902.527076	0.825450
900.900901	0.826407
899.280576	0.827713
897.666068	0.829160
896.057348	0.830481
894.454383	0.831389
892.857143	0.831624
891.265597	0.830864
889.679715	0.829138
888.099467	0.826615
886.524823	0.823451
884.955752	0.819870
883.392226	0.816179
881.834215	0.812845
880.281690	0.809994
878.734622	0.807713
877.192982	0.806058
875.656743	0.805079
874.125874	0.804798
872.600349	0.804856
871.080139	0.805182
869.565217	0.805723
868.055556	0.806468
866.551127	0.807386
865.051903	0.808436
863.557858	0.809631
862.068966	0.810987
860.585198	0.812570
859.106529	0.814288
857.632933	0.816119
856.164384	0.818056
854.700855	0.820128
853.242321	0.822287
851.788756	0.824464
850.340136	0.826622
848.896435	0.828705
847.457627	0.830678
846.023689	0.832538
844.594595	0.834281
843.170320	0.835873
841.750842	0.837364
840.336134	0.838764
838.926174	0.840070
837.520938	0.841223
836.120401	0.842306
834.724541	0.843333
833.333333	0.844303
831.946755	0.845149
830.564784	0.845911
829.187396	0.846603
827.814570	0.847273
826.446281	0.847952
825.082508	0.848617
823.723229	0.849237
822.368421	0.849815
821.018062	0.850397
819.672131	0.850993
818.330606	0.851574
816.993464	0.852114
815.660685	0.852620
814.332248	0.853099
813.008130	0.853574
811.688312	0.854039
810.372771	0.854468
809.061489	0.854817
807.754443	0.855094
806.451613	0.855249
805.152979	0.855297
803.858521	0.855319
802.568218	0.855341
801.282051	0.855395
800.000000	0.855468
798.722045	0.855567
797.448166	0.855770
796.178344	0.856037
794.912560	0.856403
793.650794	0.856791
792.393027	0.857181
791.139241	0.857556
789.889415	0.857918
788.643533	0.858274
787.401575	0.858615
786.163522	0.858974
784.929356	0.859345
783.699060	0.859755
782.472613	0.860168
781.250000	0.860584
780.031201	0.861027
778.816199	0.861494
777.604977	0.862004
776.397516	0.862518
775.193798	0.863034
773.993808	0.863547
772.797527	0.864108
771.604938	0.864716
770.416025	0.865444
769.230769	0.866202
768.049155	0.867004
766.871166	0.867818
765.696784	0.868639
764.525994	0.869474
763.358779	0.870299
762.195122	0.871103
761.035008	0.871841
759.878419	0.872546
758.725341	0.873129
757.575758	0.873662
756.429652	0.874103
755.287009	0.874432
754.147813	0.874705
753.012048	0.874788
751.879699	0.874813
750.750751	0.874697
749.625187	0.874513
748.502994	0.874278
747.384155	0.874087
746.268657	0.873932
745.156483	0.873975
744.047619	0.874146
742.942051	0.874520
741.839763	0.875129
740.740741	0.875869
739.644970	0.876870
738.552437	0.877916
737.463127	0.879040
736.377025	0.880101
735.294118	0.881045
734.214391	0.881778
733.137830	0.882353
732.064422	0.882625
730.994152	0.882811
729.927007	0.882730
728.862974	0.882629
727.802038	0.882450
726.744186	0.882310
725.689405	0.882238
724.637681	0.882308
723.589001	0.882506
722.543353	0.882904
721.500722	0.883392
720.461095	0.884016
719.424460	0.884666
718.390805	0.885333
717.360115	0.885993
716.332378	0.886580
715.307582	0.887133
714.285714	0.887569
713.266762	0.887948
712.250712	0.888219
711.237553	0.888444
710.227273	0.888614
709.219858	0.888766
708.215297	0.888902
707.213579	0.889021
706.214689	0.889131
705.218618	0.889186
704.225352	0.889216
703.234880	0.889117
702.247191	0.888974
701.262272	0.888633
700.280112	0.888242
699.300699	0.887662
698.324022	0.887043
697.350070	0.886352
696.378830	0.885648
695.410292	0.885056
694.444444	0.884480
693.481276	0.884193
692.520776	0.883946
691.562932	0.884064
690.607735	0.884236
689.655172	0.884727
688.705234	0.885272
687.757909	0.886017
686.813187	0.886803
685.871056	0.887640
684.931507	0.888491
683.994528	0.889291
683.060109	0.890073
682.128240	0.890806
681.198910	0.891514
680.272109	0.892233
679.347826	0.892960
678.426052	0.893737
677.506775	0.894560
676.589986	0.895432
675.675676	0.896372
674.763833	0.897351
673.854447	0.898416
672.947510	0.899493
672.043011	0.900621
671.140940	0.901743
670.241287	0.902766
669.344043	0.903789
668.449198	0.904575
667.556742	0.905334
666.666667	0.905830
665.778961	0.906235
664.893617	0.906387
664.010624	0.906349
663.129973	0.906122
662.251656	0.905594
661.375661	0.904987
660.501982	0.904041
659.630607	0.903095
658.761528	0.901875
657.894737	0.900649
657.030223	0.899347
656.167979	0.898021
655.307995	0.896760
654.450262	0.895561
653.594771	0.894445
652.741514	0.893558
651.890482	0.892673
651.041667	0.892195
650.195059	0.891718
649.350649	0.891563
648.508431	0.891526
647.668394	0.891676
646.830530	0.892060
645.994832	0.892494
645.161290	0.893239
644.329897	0.893985
643.500644	0.894935
642.673522	0.895929
641.848524	0.896977
641.025641	0.898081
640.204866	0.899187
639.386189	0.900307
638.569604	0.901426
637.755102	0.902505
636.942675	0.903573
636.132316	0.904588
635.324015	0.905530
634.517766	0.906467
633.713561	0.907249
632.911392	0.908030
632.111252	0.908707
631.313131	0.909319
630.517024	0.909891
629.722922	0.910303
628.930818	0.910716
628.140704	0.910941
627.352572	0.911110
626.566416	0.911191
625.782228	0.911092
625.000000	0.910993
624.219725	0.910645
623.441397	0.910258
622.665006	0.909747
621.890547	0.909040
621.118012	0.908333
620.347395	0.907343
619.578686	0.906321
618.811881	0.905194
618.046972	0.903903
617.283951	0.902611
616.522811	0.901127
615.763547	0.899612
615.006150	0.898049
614.250614	0.896386
613.496933	0.894724
612.745098	0.893048
611.995104	0.891367
611.246944	0.889703
610.500611	0.888103
609.756098	0.886504
609.013398	0.884962
608.272506	0.883457
607.533414	0.881952
606.796117	0.880529
606.060606	0.879106
605.326877	0.877726
604.594921	0.876415
603.864734	0.875104
603.136309	0.873902
602.409639	0.872737
601.684717	0.871583
600.961538	0.870542
600.240096	0.869501
599.520384	0.868514
598.802395	0.867602
598.086124	0.866689
597.371565	0.865914
596.658711	0.865189
595.947557	0.864468
595.238095	0.863886
594.530321	0.863305
593.824228	0.862723
593.119810	0.862144
592.417062	0.861564
591.715976	0.860966
591.016548	0.860352
590.318772	0.859739
589.622642	0.859110
588.928151	0.858478
588.235294	0.857844
587.544066	0.857120
586.854460	0.856397
586.166471	0.855647
585.480094	0.854807
584.795322	0.853968
584.112150	0.853122
583.430572	0.852269
582.750583	0.851415
582.072177	0.850596
581.395349	0.849803
580.720093	0.849010
580.046404	0.848285
579.374276	0.847586
578.703704	0.846888
578.034682	0.846345
577.367206	0.845828
576.701269	0.845312
576.036866	0.845054
575.373993	0.844806
574.712644	0.844574
574.052813	0.844606
573.394495	0.844639
572.737686	0.844702
572.082380	0.844979
571.428571	0.845255
570.776256	0.845559
570.125428	0.845989
569.476082	0.846420
568.828214	0.846849
568.181818	0.847272
567.536890	0.847696
566.893424	0.848082
566.251416	0.848337
565.610860	0.848591
564.971751	0.848798
564.334086	0.848824
563.697858	0.848851
563.063063	0.848841
562.429696	0.848668
561.797753	0.848493
561.167228	0.848297
560.538117	0.847947
559.910414	0.847598
559.284116	0.847240
558.659218	0.846741
558.035714	0.846242
557.413601	0.845744
556.792873	0.845160
556.173526	0.844574
555.555556	0.843988
554.938957	0.843386
554.323725	0.842782
553.709856	0.842178
553.097345	0.841630
552.486188	0.841103
551.876380	0.840577
551.267916	0.840180
550.660793	0.839887
550.055006	0.839594
549.450549	0.839439
548.847420	0.839514
548.245614	0.839590
547.645126	0.839731
547.045952	0.840187
546.448087	0.840644
545.851528	0.841102
545.256270	0.841804
544.662309	0.842520
544.069641	0.843236
543.478261	0.843979
542.888165	0.844734
542.299349	0.845490
541.711809	0.846188
541.125541	0.846808
540.540541	0.847429
539.956803	0.848030
539.374326	0.848502
538.793103	0.848975
538.213132	0.849447
537.634409	0.849831
537.056928	0.850196
536.480687	0.850560
535.905681	0.850852
535.331906	0.851062
534.759358	0.851272
534.188034	0.851456
533.617930	0.851413
533.049041	0.851370
532.481363	0.851327
531.914894	0.851035
531.349628	0.850642
530.785563	0.850249
530.222694	0.849725
529.661017	0.848892
529.100529	0.848059
528.541226	0.847225
527.983105	0.845997
527.426160	0.844703
526.870390	0.843410
526.315789	0.841999
525.762355	0.840406
525.210084	0.838813
524.658972	0.837220
524.109015	0.835644
523.560209	0.834069
523.012552	0.832494
522.466040	0.831035
521.920668	0.829762
521.376434	0.828489
520.833333	0.827216
520.291363	0.826310
519.750520	0.825475
519.210800	0.824639
518.672199	0.823935
518.134715	0.823584
517.598344	0.823232
517.063082	0.822881
516.528926	0.822803
515.995872	0.822855
515.463918	0.822908
514.933059	0.822972
514.403292	0.823240
513.874615	0.823508
513.347023	0.823776
512.820513	0.824083
512.295082	0.824449
511.770727	0.824815
511.247444	0.825181
510.725230	0.825617
510.204082	0.826081
509.683996	0.826544
509.164969	0.827009
508.646999	0.827560
508.130081	0.828111
507.614213	0.828662
507.099391	0.829249
506.585613	0.829926
506.072874	0.830604
505.561173	0.831282
505.050505	0.832066
504.540868	0.832948
504.032258	0.833830
503.524673	0.834712
503.018109	0.835719
502.512563	0.836771
502.008032	0.837824
501.504514	0.838877
501.002004	0.839996
500.500501	0.841121
500.000000	0.842246
499.500500	0.843375
499.001996	0.844551
498.504487	0.845727
498.007968	0.846903
497.512438	0.848084
497.017893	0.849287
496.524330	0.850489
496.031746	0.851692
495.540139	0.852884
495.049505	0.854046
494.559842	0.855208
494.071146	0.856370
493.583416	0.857511
493.096647	0.858608
492.610837	0.859705
492.125984	0.860803
491.642085	0.861873
491.159136	0.862897
490.677134	0.863920
490.196078	0.864944
489.715965	0.865929
489.236791	0.866847
488.758553	0.867764
488.281250	0.868682
487.804878	0.869566
487.329435	0.870379
486.854917	0.871192
486.381323	0.872005
485.908649	0.872800
485.436893	0.873542
484.966052	0.874285
484.496124	0.875027
484.027106	0.875764
483.558994	0.876473
483.091787	0.877182
482.625483	0.877891
482.160077	0.878600
481.695568	0.879291
481.231954	0.879982
480.769231	0.880673
480.307397	0.881364
479.846449	0.881991
479.386385	0.882608
478.927203	0.883225
478.468900	0.883842
478.011472	0.884336
477.554919	0.884768
477.099237	0.885200
476.644423	0.885632
476.190476	0.885944
475.737393	0.886098
475.285171	0.886252
474.833808	0.886406
474.383302	0.886505
473.933649	0.886328
473.484848	0.886150
473.036897	0.885973
472.589792	0.885796
472.143532	0.885321
471.698113	0.884799
471.253534	0.884278
470.809793	0.883756
470.366886	0.883066
469.924812	0.882225
469.483568	0.881385
469.043152	0.880544
468.603561	0.879664
468.164794	0.878569
467.726848	0.877474
467.289720	0.876380
466.853408	0.875285
466.417910	0.874090
465.983225	0.872862
465.549348	0.871634
465.116279	0.870405
464.684015	0.869180
464.252553	0.867961
463.821892	0.866743
463.392030	0.865524
462.962963	0.864305
462.534690	0.863169
462.107209	0.862052
461.680517	0.860934
461.254613	0.859816
460.829493	0.858751
460.405157	0.857810
459.981601	0.856868
459.558824	0.855927
459.136823	0.854985
458.715596	0.854249
458.295142	0.853584
457.875458	0.852919
457.456542	0.852253
457.038391	0.851633
456.621005	0.851270
456.204380	0.850906
455.788514	0.850543
455.373406	0.850180
454.959054	0.849947
454.545455	0.849837
454.132607	0.849728
453.720508	0.849618
453.309157	0.849509
452.898551	0.849629
452.488688	0.849795
452.079566	0.849960
451.671183	0.850125
451.263538	0.850333
450.856628	0.850844
450.450450	0.851355
450.045005	0.851867
449.640288	0.852378
449.236298	0.853021
448.833034	0.853892
448.430493	0.854762
448.028674	0.855632
447.627574	0.856502
447.227191	0.857543
446.827525	0.858712
446.428571	0.859881
446.030330	0.861049
445.632799	0.862218
445.235975	0.863509
444.839858	0.864845
444.444444	0.866180
444.049734	0.867515
443.655723	0.868850
443.262411	0.870150
442.869796	0.871443
442.477876	0.872736
442.086649	0.874030
441.696113	0.875323
441.306267	0.876402
440.917108	0.877466
440.528634	0.878530
440.140845	0.879594
439.753738	0.880657
439.367311	0.881441
438.981563	0.882215
438.596491	0.882989
438.212095	0.883763
437.828371	0.884537
437.445319	0.885094
437.062937	0.885642
436.681223	0.886190
436.300175	0.886738
435.919791	0.887287
435.540070	0.887735
435.161010	0.888173
434.782609	0.888610
434.404865	0.889048
434.027778	0.889486
433.651344	0.889948
433.275563	0.890415
432.900433	0.890882
432.525952	0.891350
432.152118	0.891817
431.778929	0.892376
431.406385	0.892981
431.034483	0.893586
430.663221	0.894191
430.292599	0.894796
429.922614	0.895457
429.553265	0.896180
429.184549	0.896904
428.816467	0.897627
428.449015	0.898350
428.082192	0.899074
427.715997	0.899804
427.350427	0.900534
426.985482	0.901263
426.621160	0.901993
426.257460	0.902722
425.894378	0.903386
425.531915	0.904047
425.170068	0.904707
424.808836	0.905368
424.448217	0.906028
424.088210	0.906633
423.728814	0.907204
423.370025	0.907775
423.011844	0.908346
422.654269	0.908917
422.297297	0.909462
421.940928	0.909925
421.585160	0.910388
421.229992	0.910851
420.875421	0.911314
420.521447	0.911777
420.168067	0.912139
419.815281	0.912477
419.463087	0.912815
419.111484	0.913153
418.760469	0.913491
418.410042	0.913775
418.060201	0.913952
417.710944	0.914128
417.362270	0.914304
417.014178	0.914481
416.666667	0.914657
416.319734	0.914632
415.973378	0.914558
415.627598	0.914483
415.282392	0.914409
414.937759	0.914334
414.593698	0.914197
414.250207	0.913833
413.907285	0.913470
413.564930	0.913106
413.223140	0.912743
412.881916	0.912380
412.541254	0.911907
412.201154	0.911356
411.861614	0.910806
411.522634	0.910255
411.184211	0.909705
410.846343	0.909154
410.509031	0.908571
410.172272	0.907985
409.836066	0.907398
409.500410	0.906811
409.165303	0.906225
408.830744	0.905656
408.496732	0.905180
408.163265	0.904705
407.830343	0.904230
407.497963	0.903755
407.166124	0.903279
406.834825	0.902895
406.504065	0.902673
406.173842	0.902451
405.844156	0.902229
405.515004	0.902006
405.186386	0.901784
404.858300	0.901690
404.530744	0.901720
404.203719	0.901750
403.877221	0.901780
403.551251	0.901810
403.225806	0.901840
402.900886	0.901936
402.576490	0.902077
402.252615	0.902217
401.929260	0.902358
401.606426	0.902498
401.284109	0.902638
400.962310	0.902793
400.641026	0.902956
400.320256	0.903118
400.000000	0.903281